0	-0.492027173900914	5.70049705194766	6.71937689196333	6.79007929321184	7.64510605059723	8.3638661372953	6.55846977510136	5.23733638471641	4.82475485545927	3.4395324181255	2.13924566342254
0	-0.453897082948244	6.34581763445242	6.95654129449134	7.85450309994811	8.42096500791684	9.0078799191676	7.36541332943973	5.84742136478507	4.25837860845526	3.67499798190016	2.23775103100048
0	1.23390077407556	6.05261783230344	6.3413793793005	6.78727452235525	6.91942186111069	7.08610860044823	7.45695769379089	6.22466138569119	5.66842117444553	5.27279631230783	5.72323445231402
0	0.823988647468416	5.82547882357643	6.34355425103069	6.38245477872965	6.96572944402156	7.45641898661199	7.08338593845851	6.84592015256378	6.68135591595635	6.18738669413063	5.56073133137172
0	-0.788894644728702	7.37704030747095	8.39392592633259	9.1305527052496	10.4159804784761	10.9456597717289	8.28580342931521	6.82184034026439	5.08407308355008	4.66777551139757	3.89597238866914
0	1.44877203454437	7.58503970695165	7.65785874478524	7.97266733692021	7.43965053051565	7.90150589071346	7.88914624268655	6.55725069948851	5.17798244383102	4.19572375807218	4.5640367020577
0	0.185634744117616	4.22461487861944	5.10491082362654	5.55254581544801	5.89888313692988	6.46086323801727	6.69550881320012	5.65836562771577	4.34495657775202	3.45325868516231	2.21544182040506
0	0.316927605251534	7.26165848469733	7.70903826526587	8.02413303701552	8.59945014173798	8.77054072370168	7.0073231238114	5.86329380717013	4.21955239621423	3.98735696026003	3.40988090955796
0	-0.887462395145447	5.07127887876478	6.18214569937495	7.1095391091637	7.99234195718568	8.76571373414153	6.26656150385737	4.9964171861214	4.03092136820295	2.61799977661567	1.05359304798771
0	-1.02838836482323	6.17850427997036	7.01730720443475	7.99172909737574	8.80426624817412	9.71258230820531	6.53452959161012	4.82851996971925	3.87820649195108	3.05667117030016	1.99964310123609
0	-1.04156861185315	5.50412436927762	6.42788350573885	7.4075036846951	8.32029115677122	9.3753198930822	7.16246745177238	6.21270119595061	5.03664077585343	4.19398516829991	3.84816117218531
0	-1.41196596655458	6.0169403714944	6.97431134674333	8.10715855901219	9.17702939581314	9.94544128217885	6.6780173535196	5.55311818194545	4.25619685062267	2.33594523616945	0.665731559405722
0	-1.16184853214089	6.10178685142079	6.65254992244061	7.64873266439698	8.48449311559521	9.4557999386475	7.0617113753956	5.09930827497698	3.8088636648459	2.44114444087844	1.1392732249911
0	-1.42587980706673	7.04215305258511	7.68812378932531	8.91928509045124	10.1009487358857	11.0174088810836	6.91443947577062	5.59012188976456	4.17574232791941	2.79956092448699	1.32181161315309
0	0.208546745491499	5.5308577240168	6.11768296843294	6.6889329378916	7.36529570697095	7.7777875846797	6.60189519903886	5.81748782067895	5.17861310272601	3.31375603481836	3.77066889993426
0	0.453284091476251	5.69448222805096	6.32862091582857	6.87931906878224	7.25224458223884	7.5329308882619	6.74210466277013	5.30696719736584	5.42939577250584	4.34885209797359	3.9503687391186
0	1.01398810494412	5.18539137285119	5.42729429645551	5.3121298551487	5.4954055915319	5.58300455743793	7.09857188878189	5.75734433901353	5.07618727759443	4.25648953623337	3.51554879085798
0	-0.019934680382669	6.09459679354047	6.53257241066129	7.47767500912946	8.02285779750017	8.62662054166946	6.07004317605341	5.2849872228591	3.79333918107303	3.02087744596894	2.41309468039133
0	-0.296075218877533	6.40373214247682	7.61903562152114	8.30410043486327	9.06311810457328	9.85471302296111	7.61146790415843	6.55992234039971	5.97354614104609	5.83969365999745	4.7208013613699
0	1.43971610409324	5.55807374467142	5.18322823209701	5.09235677856559	5.266806437142	4.94781844306976	5.4249217169102	4.07519172153975	3.68413840813758	2.45188523501907	1.90511988504874
0	-1.50899593675499	5.66811352711439	7.12033566103848	8.04519560658428	9.26380497818042	10.4215081636387	7.04204354344181	5.47388776611592	3.58863813451412	2.3826840833452	1.83287949191985
0	0.901895624285962	4.7189132287861	5.15122769584907	5.3682471989039	5.52346146897638	5.77424835581611	6.37567467331634	5.92428203705904	4.59506044815863	4.2817397074415	3.68017564860956
0	-0.341822782923876	6.99477450453189	7.52863403082481	8.11467477083635	8.94141751034122	9.2591641872518	7.29893210056841	6.35602759977238	4.99228757874681	3.47280456539085	2.48053513679624
0	-0.348194766243806	6.11263743825784	7.04112232198797	7.79773632191574	8.29177015274313	8.92912287221314	6.37474490968645	4.56329659488443	3.54248596720647	1.68642837769489	0.988728082938827
0	0.309433155277738	5.28916047255597	5.82582508133271	6.08349699051195	6.1392654142515	6.7711059797702	6.22170854183587	4.98957219087566	3.27550344497141	2.5448117344345	1.18755362732596
0	1.57018139464355	5.39045132375891	4.99330140989699	5.2289391990059	4.85251849659242	4.71878399249274	5.39517895834538	4.62095296259731	3.47450211327286	2.16084579287641	1.38486133215216
0	0.105788349085834	5.64487974581475	6.06074099123717	6.46799026123687	6.87804413749189	7.62669032708408	7.75869531684099	5.62302066351427	5.29561257430423	4.41806772428851	3.55052153004626
0	-1.30400560574615	5.24157661618235	6.79221350903468	7.76875628243891	9.38404256547881	10.3862514317645	5.99242322064374	4.97874867083618	3.10923368812333	2.57079874817632	1.06814254660138
0	-0.0566989879514922	6.17715935878375	7.15609438637251	7.82440362304341	8.54145705225183	9.18779487386246	8.38567648265888	6.78723213710171	5.66763410517986	4.82966402624139	3.97537533337149
0	1.41359723275087	5.47942895366282	5.3518437899808	5.04491458610855	5.18200821769398	5.37998502490183	6.85588755483654	6.23868019161954	5.0743800950176	4.02132117519304	4.06266304634684
0	-0.612003686343573	5.98864444734028	6.63791263482751	7.84123013070887	8.32324807325659	9.18593718409184	6.94386743207727	6.60920972716183	4.8885233085957	3.76702186040844	2.87947227266312
0	-0.155155141246543	6.58904356832483	7.28384194856659	7.92530129442658	8.77796594267149	9.69036310799117	8.76627981367986	7.73757416416754	6.97328263345087	6.22936279134174	5.91206193836947
0	-0.379595709134182	5.95522909795974	6.51241592240119	7.00402257647944	7.77083968897888	8.30814544985297	6.92224750619349	5.78321080707529	4.81364111970734	3.00737602274956	2.20764627486373
0	-0.502420622773763	6.55608508456953	7.32470282019072	8.23892577367359	8.88633019561076	9.53140686354122	7.58204241117275	5.94318981184632	4.52075558122857	3.7904142945413	1.91351274094222
0	-0.74547485656808	5.03642065721497	6.00342856637203	6.68832072708637	7.44014896523457	8.16323515842628	6.31441278633146	5.08616067484007	3.732432204684	2.93837738931925	1.6268254702374
0	-0.748835006499985	5.51354291127674	6.30988134041693	7.06673721428028	8.02197553560448	8.71730622176776	6.97418473329385	5.59823424657432	4.40483529016397	3.02421821297456	2.93866499333879
0	1.37917284829449	6.31399605097148	6.12838012562853	6.33971602558124	6.55659951427132	6.41013976082035	6.67987976500339	6.41175550688866	4.72051986155209	3.9526674179952	3.25312336982211
0	0.38646123033965	6.11321894409941	6.47438646707078	6.49191310211242	7.09264849705959	7.37647978922368	6.59669047377284	5.45221159136414	3.66092368023938	2.31264525639979	2.27144052862802
0	0.0230454655746525	7.11481473548657	8.03094293502468	8.62700346458525	9.16381491661746	9.50950172629031	7.93390765015317	6.73449793612296	5.18208144804844	4.72845857505167	3.32900233054411
0	0.561323961167455	4.73892225184479	4.91228043172923	5.02139493740324	5.33996001930031	5.4972399306122	5.88553406084819	5.28262746646797	3.87361412337926	2.86637211239656	2.0402369441399
0	-1.16639404362072	7.2985473068844	8.43777285127782	9.62886477905112	10.3459059753511	11.2389342932097	7.83059468861122	6.25908308795141	5.41829120495337	3.80436962422366	3.57367759908691
0	-0.515990826285765	5.92519795175527	6.3655707013575	7.46346253550058	8.29173945390539	8.66399628037624	6.47405448950554	4.69597557897205	3.13409012818953	2.60041815572762	1.08729834743446
0	-0.141992973957416	6.14969214563093	6.67695085036185	7.51421553763962	7.76104275999393	8.28364642313909	7.51275340186252	6.37171598131095	5.42903323230132	4.34279507669192	3.90991565395558
0	1.42295601960504	6.75794249495714	6.43461036104951	6.47826928268752	6.34582359441766	6.26308732146613	6.49237108349023	5.57734026137963	4.35547885168417	3.31203911443787	2.35059422464738
0	0.735358520417187	5.40807881891117	5.84479897904726	6.44755628741012	6.43793687873698	7.11246931594599	5.81666931229318	5.05836069208306	4.08915285920461	3.52726527591734	3.08029603287539
0	-0.00416896487375506	6.7781310819965	7.35733816013367	8.07451438487695	8.70416024050081	9.40828691272702	7.16797168446536	5.42785137715082	4.48322155248051	3.111915140986	2.77928563101449
0	-0.514426104648661	6.32943480234471	6.79598260014269	7.55735763526297	8.49485047097741	8.93893490805409	7.4006560971331	6.50757820249681	4.90599774668934	4.49783891107436	3.5859436063464
0	-0.570377540084411	6.06812580422905	7.11174475193972	7.96748408269525	8.56847877466335	9.28730083940864	7.44893727095957	5.79456241429856	4.8531317570405	4.11348795795275	3.51404691250722
0	-1.23616751389476	6.41181963785797	7.54474259472544	8.41214198978558	9.64624689521531	10.4299667921622	7.40608493421831	5.9596284364303	4.68835823577382	3.17583861328451	1.50463811459084
0	-2.44939337117358	5.0054170481827	6.51411371377449	7.921572003898	9.52542911191159	11.4354898554039	7.05556657491692	6.05382545600041	4.49266570240814	3.36715661955095	2.30568745534922
0	0.34450023432059	5.60989957940591	5.91145506512266	6.08574179074756	6.47275307292041	6.67164875898425	7.08049309876655	5.03822343117594	3.97551317401944	2.68895319789464	1.9066486527996
0	-1.69778584839805	6.08816983176649	7.29744371077273	8.80009275330911	10.105597280106	11.0516274733517	7.36328662083304	5.08144968209041	4.51701839068066	3.51849736084561	2.09141292850082
0	1.78699098177174	7.39639341914483	7.1694073279192	7.20093804910822	7.163261411232	7.17847246919004	8.54875309720889	7.35710570973924	6.67675322226885	6.82076412959942	7.05748154433148
0	0.714692489068989	5.91399369528874	6.47663233829952	6.85005397004919	7.09342259243597	7.44880850020397	6.66275974679922	6.27074550668535	5.12189734499794	4.70299411771408	4.45160209817756
0	1.31704821047019	5.72452221254597	6.03299316503043	6.01773559162016	6.34797748262883	6.52936978939884	6.95560250461267	6.09050475761194	5.99942331344675	5.39513467354838	5.01168231545685
0	1.55367359630174	6.85144342904873	6.78724653702748	7.11523865092169	7.52195458671104	7.44389353943222	7.10028214909564	5.99038329649808	5.53029806947027	4.66676634207946	3.63371014468681
0	0.531551145351505	7.07384749221244	7.68769848078858	8.36871017233763	8.33381417514636	8.77286789768588	7.33041714047341	6.225302583043	5.79700704665274	5.43045647454781	4.5196829881266
0	1.24825000755057	5.26617578979864	5.15339106740325	5.49249431780393	5.85079705440138	5.86912764734657	6.10955276036394	4.54441022402291	4.80451160681832	3.7019115367207	2.85470552713461
0	1.26983651749647	6.99730343788862	6.97297922237649	7.22864356531383	7.08774699296289	7.5831341969223	7.85136700374207	6.47155530362078	5.00309526938415	5.0401461756884	4.91290705805556
0	-0.20986163830764	5.31602345144245	6.23267346480989	7.02676784449999	7.86761677751891	8.44102619907826	7.39308912604005	5.28645704994063	5.57415700535645	4.02871093115764	3.33615045826644
0	-2.13830420423932	5.94561823185085	7.43138556498418	8.3491291546206	9.91412929667579	11.1116895535609	7.22844367440013	5.86509478562183	3.77661622195323	2.22068963072032	0.820318711709372
0	-0.23585070698603	6.60406195700557	7.42324729811196	8.42658107160208	8.93154838564163	9.50593078353176	7.47850731624915	6.71881932707032	5.68262811957464	4.29012091297392	2.91620974206487
0	-0.681686303006343	5.15490093075789	5.89186777618581	6.65026884372427	7.77365955913009	8.20899486896213	7.13821854964272	5.53656550194588	4.8443294862688	3.8730021456126	2.88609518652541
0	0.202854323204598	4.45956666935982	4.7032183826233	5.37465090528805	5.66252421214797	6.0274946750227	6.19954375070388	5.42754541150608	4.50298756441993	3.39889443922158	2.09124954342631
0	1.36737214768188	6.55810432151946	6.74961706105409	6.63177584422688	6.57998190473169	6.6767094127307	6.21060771463353	5.502050949318	3.634316992542	3.10638998162572	2.89512848862052
0	-0.516458033860284	6.21583925138731	6.88254461189319	7.78078578556371	7.99168292632196	9.02196559667712	6.33533930334413	4.81541056129156	2.57823487744553	1.34449619298298	0.0672392972677689
0	-0.805735746238577	5.92958795106124	6.82579313824773	7.46093960915341	8.35808579318528	9.32252292395675	6.59089149134347	5.36020762138493	3.67969947243223	2.30931915082964	0.478789065106205
0	-0.316455812723279	5.67059064446374	6.50168224867943	7.1617232883817	7.21874226432916	7.95306887780587	6.7870109364128	5.66428294004777	4.53674327301686	3.25114126032619	2.00543683138941
0	-1.62459016824717	4.91492550718971	5.85146727324291	7.70283333580668	8.50614286755471	9.2586549894199	5.80907382777835	5.05757410173048	3.51074763994573	3.08114348143186	1.04243671674997
0	-2.08114757714048	5.81554357522486	7.74347354989835	8.75512731691061	10.3437798464767	11.6429474303021	7.23267478617437	6.06072385766934	4.70782464801053	2.82070179167372	2.3551223971395
0	1.30808956385784	7.01076910704824	6.63968490143317	6.85137574006825	7.16376989760842	6.98562463989479	7.49215760694717	5.65389404800163	4.90808261898198	4.74573949756247	3.9238994788859
0	-1.34316694667181	5.71292143177537	6.60674203878276	7.72556378457197	8.74721969118094	9.45481888279414	6.9621153952665	5.12154736412751	3.23196939576371	2.04867990452535	1.17953253864696
0	-0.624836286397426	6.92033394092531	7.4815477663454	8.79854370021642	9.20693658465453	10.0237991305223	7.28111524662978	6.14267448751392	4.88067477834757	3.58754611459138	1.94138494579497
0	-1.78964031702766	5.9690284938999	7.35457805187847	8.77002569877158	10.2628864235341	11.2809072704882	7.12820466968827	6.46323384905975	4.82578154640533	4.07296815327576	3.00382947564572
0	-0.408955417843104	6.36764907568218	7.17553733558717	7.98489389894661	8.55134722509762	9.23194233530905	7.59633997302836	6.03856073365456	5.27291789402518	4.60915825090484	3.4269013755515
0	0.294667317711233	5.30905351208854	5.73261028205863	6.3324724127424	6.70980697584167	7.0008770791057	6.35704749847305	4.56674798696312	3.92770561209588	3.04759819773515	2.52396607125332
0	1.56394174702433	7.23070821279958	7.37537997097912	7.44595828970367	7.59703830279374	7.50963005988311	6.79441754219663	5.83500749630569	4.80464216352131	4.4506086808444	3.92633977771448
0	-0.430964778756265	6.25925315202564	6.81038988502209	7.81855767730368	8.5280667243623	9.06271982052313	6.97147659266769	5.09307775896135	3.19196604886571	2.60127594057958	1.69498484720382
0	2.04496789305482	5.57052331409528	5.55650322317075	5.03253094065198	4.59025267480444	4.77521744802313	6.82530289631666	6.04854109271056	5.33139251616153	5.7965954981603	5.87746839050958
0	0.274996259744841	6.48515719679797	7.13252981243154	7.52637780262691	8.21118402506241	8.53699740610934	7.67141287334876	6.73208503472152	4.98396080879638	4.86595878514572	4.00726264854136
0	1.30625682268885	5.72324027775628	5.67475913524408	5.92625554005809	6.2478729306229	6.20869049177723	6.52716307705454	5.72227124692749	4.86282435105723	3.4396405019262	3.04158163166103
0	0.979717889948362	5.96397492369286	6.56932245304336	6.59231917912876	7.13145178597647	7.19638681589628	7.43012501776108	6.18736519339897	5.08257381292057	4.29047456314209	3.82718495785556
0	-0.209479136072474	4.14732533685515	5.02539611180052	5.40108544995917	6.4673319752048	6.78283033064757	6.69153478093816	5.78216567469651	5.24287506912074	3.94043745476257	3.47439009780519
0	-1.30357694669291	5.70346952136492	6.75261677356755	7.66444224217941	8.50191022448108	9.56288080672276	6.12998159553974	4.67617378643655	3.26662788266419	2.22351091060359	-0.157575731621974
0	1.28223735282438	5.57933381263193	5.89465336135378	5.9117858692091	5.98928702950786	5.9087393629269	8.29665146935405	6.30865304230182	5.49846301532005	4.41738351481975	4.16787888431505
0	1.04497952913428	6.06213201181239	6.16063955280896	6.51350011856488	6.5435654795168	6.46997988099534	7.29897724784741	6.27872859903005	6.22332905098105	5.32351503552748	5.45526867947865
0	-0.573806282701285	5.19774150771881	6.14409424514206	6.99273246451288	7.64152732005653	8.36907469718129	6.82564826613708	5.05615553455335	3.25114483055438	1.39894052988697	0.112289630256672
0	-0.487320506421964	5.21004054643056	5.68500074824594	6.04909192491544	6.76872056863561	7.5664125410349	5.82960416819771	4.12985237439665	3.31014577694752	1.61608168144125	0.862896433779614
0	-1.74993648095606	5.83782437702675	6.64823178839988	7.90269247994774	9.04269994564814	10.211516718804	6.57123261364442	5.06800903022304	3.16965233274945	3.1978305386409	0.986037048295994
0	0.376530353135889	6.36684978011642	6.76330185289366	7.0325708963056	7.35858450438188	7.54932614518945	5.89550512645814	4.5831391822672	3.60022685660214	2.31568995272073	1.45476445407237
0	0.373771121727287	5.07271709016996	5.72610131081932	6.02581606145628	6.30944958517817	6.68270904130789	6.52299113437198	6.41150984867285	4.91980983091285	4.76421541689918	3.38542478215305
0	0.329385384834813	5.97810106508516	6.55462447345032	7.40834182280028	7.98732886837447	8.28217642273935	6.77157327878211	5.69620603503932	4.84745556314124	3.40270726575555	2.79908974110016
0	0.723258096168982	6.12091804636544	5.95907222421477	6.24540108803208	6.58772793242658	7.08290928197128	7.51033525834739	6.68412051399239	5.62588188084493	4.42318919090465	4.85065442077246
0	0.883871290240441	7.03458117915714	7.28460901257103	7.4771856180697	7.37932944383541	8.10988471579447	7.95281314356824	7.51765255457668	6.6592230692705	5.5261226863944	5.64155328579867
0	2.14628321254133	5.76832871539606	5.55207655709384	5.39440063506394	5.43901028535415	5.16710487453823	6.46519816804123	5.25457822354619	3.86291995611056	2.64635033919005	2.07827443864284
0	0.603564855128988	6.73032276037416	7.13771870628158	6.99352814867589	7.56972515417582	7.84975582668091	7.66621069712149	6.79346767756783	5.53901099504158	3.95846382205209	3.82366332475407
0	-0.948481631879178	5.74913189087611	6.96364250691113	7.60925818586231	8.58147192370537	9.49624570981207	6.98729392724089	6.0935184640439	4.76354895902716	4.10190057548409	2.8586753034785
0	-0.121784407552334	5.40181888843691	6.04725986647523	6.65663146119983	7.30625027978213	8.18203142053073	6.25901748618285	5.65256065767601	5.06043187315788	3.71837893251864	3.41045913767363
0	1.34000230859632	5.31783803980028	5.44501106913739	5.50697105326736	5.35957710067242	5.43150049783164	6.97038460674404	4.97503015264942	4.55560345834443	2.91749358639414	2.64797261282303
0	0.838897491525173	5.14413286718331	5.11978394496715	5.5157467366895	5.64215477913763	5.63056373284429	5.92358353641306	4.9702819378834	3.06026858092541	2.32911035373182	1.86109273443824
0	-0.252815332176389	6.17502216347999	6.51273583546661	7.20546570811954	8.18934537860868	8.72849958813015	7.26441397142193	6.59920837815066	5.56235129834734	5.52468087917841	3.98986843444775
0	-0.853468629864521	5.72938218429142	6.51584283355977	7.00461314353696	8.18250580806613	8.78377637079543	6.72620008283904	5.3291891253467	4.1121648020877	3.23622487832737	1.7600083021617
0	0.666398330408838	5.04624758619776	5.39089121704655	5.69811490128564	6.0739616527189	6.00963403644308	7.88691542361657	6.85256188330245	6.37140467289204	5.41713544783356	4.70121857361369
0	-0.177185535628682	5.64412177791228	5.94241161685171	6.56384327826195	7.13774770990183	7.55128804572575	7.16249177990703	6.36141049266032	4.68138886489166	4.23947631951656	3.10071884558727
0	0.0325458289132869	5.93721070358008	6.42449465640613	7.01676637192097	7.6614787772256	8.22684994601254	7.00905074737697	5.15285323615785	3.58054933335774	3.13200466431011	1.95115404320187
0	-0.44359100359767	5.60507985634808	6.35095982456447	7.12156777471987	7.90565598939707	8.68259263095746	5.92405131961228	4.68990895339453	3.8119053773327	3.13034837337305	2.1617745130506
0	-0.176705307648306	6.33817191434344	7.38071502246423	7.68162309718238	8.33802894781226	9.28505719931464	6.59932305013785	5.48985413324073	3.96746125891686	3.2077573270793	2.52108270211323
0	-0.523124212501499	5.62082220099323	6.26328003469768	7.25857013646978	7.64668482838563	8.53058356728925	7.13394213059214	6.30631281414241	4.91027249158615	4.41816778529287	3.02182371189251
0	-0.585894502075662	5.96109977803902	7.11105167592003	7.77321784024791	8.50354522504065	9.27175154292182	6.87560070470583	5.71403733147273	4.98154542338112	3.45194234383229	2.26748277558186
0	2.04170034281038	6.12313861515553	5.75816935466572	5.75748891078661	5.40371326615278	5.418550088367	6.83297630550501	6.31245448438388	5.42612895645945	5.35406939965395	5.2833674474985
0	0.752433151561426	5.41341316533378	5.65296918478348	5.99731092414661	6.12141821395639	6.64305476952714	5.58139675729483	4.83897776453758	4.21680465251422	3.44232214711477	2.54881554059609
0	-1.73646335636857	6.19616524505914	7.25688679599323	8.5654891776943	9.99091779946405	10.2411767475063	6.00850713249003	4.16917620621505	3.69106921168659	1.66475818917397	0.157791618134485
0	0.00246869417494312	5.99701035666914	6.44519975688337	6.59186922751436	7.27450194796093	7.77030867716761	8.15605261516687	6.29742988202797	5.71637128615689	4.73593048920318	4.60904112300895
0	-0.251344257187117	6.36718066873703	6.55238681009847	7.01548743902967	7.62119379586497	8.13665697845985	5.8024987658089	4.49224357684525	2.58458604828966	1.40546671469466	-0.805106729551724
0	0.218074737072224	5.64140493881501	5.93199353108396	6.38136293675724	6.84737187492761	7.22455921147543	7.70928443437744	6.59069549405566	5.27758112798029	4.51859671793522	4.05643805136458
0	0.00822572765162095	5.21839434595113	5.76064772131394	6.02971596000849	6.850392057163	7.02418434908239	7.31579304913911	6.212962608921	5.34366906380841	3.24646829733227	2.38446088498879
0	0.121894116604593	5.72147435200739	6.19434677635949	6.2404299130108	6.90274756483219	7.24449076866353	7.25973077868371	6.22400673313926	4.84807173135446	3.97335002412951	2.83863623916708
0	0.825504374536562	4.64639679045334	5.16953764180846	5.68252987439957	5.83407991064692	5.79826722050585	6.85881865124993	4.88946042581281	3.73080103791464	3.22633532060678	1.89684588918954
0	0.391817830453113	5.41008339448654	5.95740419910272	6.48931177633802	7.23340728998992	7.23454796121846	7.12374973313018	6.94925266805756	5.17305987413552	4.42599039253278	3.18578101113478
0	-0.653891883866936	5.47379713306983	6.29959448494963	7.09918967676521	7.65180825808966	8.41061643178457	6.61442161534224	5.56345097072342	4.84987956754629	3.50817900258144	2.83293227987529
0	0.0445414933800404	6.66624689392349	7.25772311093144	7.45219044172927	8.45437279304691	8.43182081374962	8.53098344374632	6.42100702368829	5.569504627824	4.52828965979805	3.87770749489105
0	-0.374669899397884	5.10773973178225	5.85726092755233	6.88872501227077	7.12664936540994	7.67296515212098	6.29895714377106	5.4854190675658	4.87127522243604	2.58551010685188	2.19166031393198
0	1.1880119878655	6.01562439188765	6.32103720204336	6.2847104055803	6.53406103496063	6.88487739190847	6.86909868068357	6.33741233380642	5.19932792472829	5.00178017416834	3.80945881414607
0	-0.384328875309831	7.37337837641647	7.97909741592849	8.86830797662907	9.84809178237806	10.2505258541317	6.75167331202644	4.87350746228594	3.64592388417356	2.67729573783315	1.7980949556649
0	-0.284487952279963	6.72196045175601	7.71754972732383	8.36571087478021	9.019575979396	9.52660145524397	7.19323101850976	6.24792454360718	5.29220940159843	3.79922593363746	2.80107316620044
0	0.220774296794282	6.58135638154125	6.79742222270326	7.06052288016281	7.56551029225004	8.14842402695121	6.72313224689056	5.91094022807076	4.44657183396636	3.10638315834868	2.75769672758533
0	-0.430233216940134	7.02955615090836	7.80795624281155	7.97898205745589	9.34535496848542	10.2115708323271	6.80476257092552	5.4211757239155	3.92246279337094	3.03431465879385	2.28630557618065
0	-1.61130121252263	6.26846624056467	7.59989923685683	9.13052306930992	10.3443187287956	11.2985251841602	7.66032408324799	6.29450335037303	5.10406450194926	4.34041557663134	3.38664691047576
0	0.775030706878775	6.23976270691996	6.21770192273224	6.28744004757563	6.39707251346711	6.82197796138854	6.96438086734697	5.68436123116129	4.49120802876822	3.70218872338455	2.5966352567032
0	-0.0189768371511256	6.29929993855524	7.26854426244872	7.52560360316845	8.49506936056139	8.75857810465526	7.40861398974829	5.67665199036926	4.98586201669148	3.13680001763033	3.26559604769634
0	0.773400663597516	4.7439098975714	5.275212691059	5.11578597286788	5.63562242290435	5.95693008187435	6.33416074827992	6.08390775562344	4.92423336995101	4.261868077696	4.87263821958869
0	0.952670032442281	5.39264614826147	5.39882984033053	5.77810044775479	6.12278455322555	6.04753194570872	5.53843012645872	5.12578573348431	3.38876357667407	3.28741122073585	2.27751763866199
0	-0.0297355491930732	5.2045019781613	5.74580723470292	6.32890392284965	6.59096772815029	7.17393771443071	5.44765959886136	3.74042308961483	2.03679988391043	0.158575446690242	-1.25911330346149
0	0.120570697914258	6.02654174693806	6.3400843033719	7.23349197613699	7.65362114796328	8.32182811083016	6.87550482655194	5.59316933673721	3.70468784688083	2.81317662101709	1.89651263436067
0	-0.0886520611786175	6.42372833569963	7.38227201433073	7.999019597018	8.79319761894491	9.45551866209432	8.29745079921771	7.14624984605963	6.0028076571246	5.70805914475549	4.62286587755193
0	-0.279374152024583	4.83984563175081	5.38642211765439	6.51057284876897	6.96430696101193	7.37770140812493	6.38560419142002	5.22814802435363	4.186260618779	3.35929341168622	2.42529816237992
0	-0.203652715017199	4.87574737336901	5.76287356130146	6.39933110662223	7.00051487274227	7.97598271181929	7.53384661862539	5.80280958763161	3.98930958739308	2.667008974527	1.57699699784868
0	0.841237938499408	5.14521981727744	5.21979625473308	5.63292599488666	5.61018729774814	5.60319052055705	6.40746088059741	5.57039995101097	4.41971129972845	3.76231640816769	2.92823896844755
0	-0.798440312595573	5.50582171538717	6.22152848213873	7.07335803054199	7.74312888059332	8.63543603137184	6.46734347128573	5.61797816319992	3.59362992917643	2.89167898309799	1.80590707628676
0	-1.06600843980176	4.8730157583229	6.36092141918547	7.38289066926512	8.45711498426759	9.75686979462879	6.05972031204845	5.56812635597947	4.70189448992963	2.86882632781807	1.60864922520743
0	-0.0697605796155182	5.35376232982636	6.10452886390258	6.17397265962941	6.71976286330584	6.96715506886848	4.94188907682974	3.75937158251464	2.69744449557335	1.91893475560822	1.25247626818171
0	-0.198686663910385	4.89956584919104	5.56478951030616	6.2582678724414	6.69034976056774	7.18556830499556	7.10938481073204	5.48308694756602	4.17313039991259	3.15078326548613	3.16557013627501
0	0.87832474540766	6.42061094516158	6.39041262653922	6.39527432063689	6.49580441737767	6.41825177940899	7.69241260634477	5.87937972696817	5.35153813318624	3.55764903797527	2.93359516104258
0	-0.175924470969662	4.92863749169819	5.61183582168349	6.34955901103882	6.74079912375899	7.2733327815516	6.8029973631194	6.17127283937271	5.44111599894061	4.13833611758826	3.81328878285717
0	-0.765787810330822	5.16144530806679	6.08998645795524	6.86740351261366	7.89840698798653	8.40210770386601	7.83398524935141	6.37849219284491	5.24451438491086	4.79439778082974	4.21983175051389
0	-0.588243085229221	7.50490898370809	7.85891847221004	9.04547081248161	9.66559396719141	9.91295226370102	7.74402842138752	6.46537921032509	5.28900466744085	4.53831351084576	4.39518370922607
0	-0.0844551874354552	5.68197198000553	6.34913553840071	6.58217440403521	6.87421353425722	7.16684725384137	6.56263648441527	4.86839817818128	3.36741389794662	2.11655918319444	1.24778262966437
0	-0.259472124754957	5.06625399447225	5.71414034675359	6.59098556996403	7.43197095962463	7.80648068559415	6.85496860629066	4.69246388869028	3.64864908837456	2.40143168523219	1.36113608430292
0	-0.948000831969378	6.19998777226853	6.93617801601902	8.28055042675764	8.88491002452262	9.77266799288716	7.6931929685649	7.21587731819953	5.10833721493359	5.07446619971518	4.86763437387777
0	-0.411513585684865	5.50073130446568	6.41064101510393	7.59966549362383	8.10247328681265	8.94194702601597	7.07836794550941	4.99355048984549	4.06561242013705	3.34766716000763	1.63615476965088
0	0.0890392133072873	6.2985626054484	6.98033139552741	7.52292021618384	8.22461485015726	8.64129116095149	8.26041114431479	7.16045841318492	6.41672417563555	5.54846850192567	6.40098739676489
0	-0.97297042803711	6.32676283074915	7.37672640124237	8.55686173101778	9.12812645166755	10.4151114865811	7.04854985735347	5.95740691281154	3.94949904155892	2.68424797807016	1.34144843998867
0	-0.785162278691738	6.30485579384507	6.85320120522928	7.65144403770524	8.12400253271276	9.00011437412481	5.92512346156273	4.99864456697353	3.90982578000234	3.33046377545298	1.70724892409635
0	1.72898778626879	5.93487473763889	5.92028611519577	5.77091321118903	5.75497631252854	5.52424423204371	6.06112961559776	4.80545399572873	3.03016848756204	2.45410227977167	1.57667310693807
0	0.459511297928164	6.18808416617236	6.44725295369811	6.71230226351567	7.29574822208575	7.13401924453885	7.04364404055475	5.76019083454195	5.09022326398954	4.88211486986574	4.33780479248879
0	0.87488478345312	5.74892369352113	6.07517170109285	6.29093449801849	6.51015296699687	6.75280594096011	6.95118731699152	5.71842861571894	4.5455508234026	4.19569652867739	3.49428598369284
0	1.33670074643954	5.34408587751759	5.7882507268935	5.86334795394615	6.33675068075786	6.67561462087788	7.46330332782004	7.21479044014797	6.03937105134037	5.63562859467401	5.50643722177443
0	1.93889984399273	6.24649463709078	6.1000369419363	6.24962977928969	6.33672971280384	5.71738636929742	7.77478735991163	7.0372339908609	6.15240838709065	5.28380976171301	4.60091404053815
0	1.15016253780332	5.83955957418671	5.69024217205397	5.72933846226244	6.4897995791304	6.06150739242326	6.78257598266491	5.85543298180044	4.98101157147231	3.9770839625263	3.05521615522941
0	-1.19926374497157	6.7687143215797	7.93390000944893	9.2305380156715	10.1230136907407	11.509293095626	7.61164219633418	6.27277843583965	5.44015688823745	3.57993820970442	2.572963650548
0	1.03580261188022	6.02275876100041	5.84369423825165	5.81808276334283	5.82449971224439	5.77572451340086	5.47990888422489	5.33930811841505	3.57513782662298	2.920933810889	2.0255162301234
0	1.23200334273986	4.42248754100792	4.98711979943259	5.16260531923363	5.18419275965395	5.42779132913068	7.11110235225555	6.04144078646995	5.38908714063768	5.17723998355148	5.04242441248116
0	0.21723091481656	6.89798414970331	7.3686430091652	7.86582383629493	8.45120272164677	8.69060987621709	7.37684865560869	5.03664810008106	4.46321178279871	2.89712604154125	2.99977933196367
0	0.119404724367582	7.2712204650942	7.51911573792223	8.34312520062671	8.68602710019599	9.35690797493184	7.68309544319674	6.84177833137182	5.26449970243409	4.71264520218578	4.35596430157445
0	0.552378806104974	6.54213095797694	7.22557005177127	7.55241481274542	8.08128272202296	8.55893356694248	7.77323169834605	6.86827499854771	5.63022988927208	5.17263826787853	4.68686616365499
0	0.882232310036949	6.61838964846985	6.78506156784735	6.82077949850617	7.47160277824086	7.83959898710851	6.74851879227965	5.7198839657127	4.79541559883997	4.43680749664626	3.67818285017634
0	1.11087341113823	5.48096945121747	5.4745855670453	5.83979948349903	6.01349685955768	6.37405317925391	6.85660655304235	6.36156633147122	5.05871338617522	4.35216280077197	3.20510293604066
0	1.30677980820254	5.90483092878292	5.80241962259293	5.93506718905177	6.02475187042113	6.0149803501389	7.57822117258453	5.67596506399042	4.64638684224626	5.02368492165205	4.95556295770569
0	2.1889997621874	4.14781080567473	4.1728964915614	3.73112900718405	3.69581802492647	3.4393950271545	6.5199669206621	5.27963631487745	3.16510720304827	3.75133383321557	2.82887278392051
0	0.564775832377157	6.09901817242859	6.66304187035389	7.20312313164836	7.72972887756569	7.71266876451192	8.16165876770849	6.76493610948085	5.86395359305851	5.22611522507551	5.63124868961791
0	-1.00520845920507	6.47648457463953	7.28509145905065	8.12734401213637	9.22335721582531	10.0051025497776	8.2218015151122	6.57595360512686	5.53858902412571	3.46571416180887	3.31228898489034
0	1.13824160231814	6.47024255880292	6.47093681626887	6.73534585526284	6.68636586220395	7.1158547878146	7.9756504605069	6.65202156589569	5.43554721487366	5.18205248013068	4.80975558518627
0	1.56414035024628	5.92283869920902	5.88100047159626	6.03268799706793	5.9488473937343	6.11090381410111	6.81252999664131	5.96166652486427	4.79375984714167	4.73356239218748	3.92647556292209
0	2.21568462697401	5.62129598838171	5.53790118942524	5.37011710112296	4.77319474931819	4.58961840827668	7.18407325697568	6.29083787072502	5.00595392291171	3.91985484585157	4.14512610013392
0	-0.910987931492932	6.25879673531743	7.21200391620632	8.04725356803389	9.06074488104329	9.67710008506212	6.00743256240302	5.71074612807264	3.4035468184633	2.44534688611603	1.1767795036586
0	-0.388657936757017	4.73881459086169	5.72890117453507	6.52167627031194	7.10638499510904	7.23763407570969	6.77837199943067	5.55129396577005	3.98281049043797	3.00570974514359	1.85553783684181
0	-0.13955518690895	6.64521773980815	7.65422394017258	8.17912813920875	8.38324502703498	9.25191055830969	6.81286359856029	5.81261436688404	4.58557351847159	3.44778288007189	2.89493423884187
0	0.219131437101978	6.03909263786684	6.25020183919691	6.97879965613299	7.10161415025348	7.64547703950938	5.84566495387339	5.52625467854646	3.62445757675209	2.67080240781673	2.01117074820578
0	-0.788304875599501	6.32540049495358	7.02769534116421	8.01541371533532	8.80748890837169	9.43462603610642	7.25471877456026	5.9948684530607	5.63981639170232	3.70816034818425	2.73198167966829
0	1.78000998584891	5.63285783520038	5.37806609547498	4.67594145523561	5.03022312616176	4.80689004131971	6.66026688061669	6.27393070754203	5.55296400805038	4.95809271985121	4.82950863339676
0	-0.213046435373045	6.60482947889279	7.05620557951795	7.86731118421173	8.11449399176094	8.98732241247772	6.51049732561872	5.63643866763606	4.31453835298346	3.40141656963376	2.88384571621997
0	1.91168296993681	6.01142206073773	6.0516544452146	6.1132487917428	5.87553371950448	5.77509136913384	6.37772504782605	6.54417187205921	5.82255418553384	4.74929193851548	4.29776492952807
0	0.740990313122104	5.41836190180572	5.98221758742443	6.06120563374522	6.41455516822854	6.55056507998837	6.10426354548602	4.99676433361561	4.56255778815927	3.79868958924394	2.92069517018519
0	-2.46438645897068	6.37391020689266	8.04848223866377	9.56311625013445	11.0400469772272	12.4388495471975	7.17706155525774	5.02311745532488	2.87204807132897	1.36934379997533	0.0491924896432209
0	0.645073546162906	5.64934944833846	6.24582122408651	6.46223568984771	6.56732050165812	7.15115236375036	7.66730092862492	5.7786198119842	5.2736438394123	4.27221946605581	4.00278219464762
0	-1.51511334140001	6.54135785781525	7.67433938607921	8.83742842438803	9.96206959095545	11.0257623902933	7.33393791430645	6.14263821572879	4.61003285452419	3.16630803721803	1.96749813193069
0	0.185120953005697	5.71133848781942	6.20185223651777	6.78836979292672	7.29010479829222	7.85869970482708	6.94994056831898	6.01483762912431	4.66047459237749	3.91770332669364	3.43419851545992
0	-0.209210285262204	5.80359959525554	6.65811773504233	6.99668227061889	7.71755000817491	7.84523984549107	7.65230914747629	6.66103157181397	6.21308873099073	5.64984447744646	4.19792749556263
0	-0.0943941107052703	5.23395788249141	5.91019070118915	6.64583650971861	7.11834310223807	7.80870224429804	7.70074216717611	5.42331659731885	4.51530982435569	3.94298028130401	1.72820698295447
0	0.662403288102134	5.64217798599257	5.79038452192099	6.31895175110454	6.6266757023026	6.71358496897714	6.56973189497651	5.45014437979798	4.31772790780733	2.93957347759471	2.35788192192603
0	0.615757249241285	6.35046171571955	6.42700171179202	6.71598883902454	6.92799798611561	7.39795992356313	6.39074643587314	6.91688336498665	5.14707662839501	5.58860590159995	5.86935583573811
0	-0.200006888052481	4.9354902004473	5.57009972268631	5.70184858302573	6.42303998792141	7.00810616797114	6.36938235176764	5.13816875174235	4.48031622971744	3.23839815604127	1.5197707863589
0	-1.34954862600098	5.24568036901658	6.68947305771686	7.76569963695858	8.96580804689076	9.92170234108247	7.03181109168735	5.25257543835308	4.40172156504313	2.67315011134923	1.70246640690881
0	-0.740717134020811	6.23951968251687	7.06886859836024	8.12411624660064	8.86063595458835	9.70049956238162	7.65407381971007	6.5724351575945	5.56670164683574	4.11094951988834	2.94544430986533
0	-0.0550098045002567	5.68704230271447	6.50379521217592	6.71416376558577	7.39168048071745	7.78353105035693	7.54554179727522	5.56116310720022	4.75169682997192	4.11853003357211	2.9271947427543
0	-0.172541670930632	6.01569815746501	6.4773838926429	6.90609380408631	7.52804004174875	7.81911983758905	6.57014433775852	5.50208268629219	4.89153118579691	3.84625558171541	3.41714359373168
0	0.736236546906941	5.89274538528328	6.25166936823312	6.2639529614238	6.41134020224524	6.74046505004147	6.54458870578674	5.08035100432517	5.09648801410337	3.60534786711731	3.30279401203811
0	-0.932456889410627	6.1734640151849	7.42866155949805	8.47737204296155	9.04931406076441	10.1791274455409	6.59884619410749	5.44367508253961	3.80524236348858	2.25213863400689	1.01747039864789
0	-1.70298955604822	5.70268337621649	6.84643508492049	8.38406229109366	9.52894354258847	10.5267896382299	7.32948006092404	5.774064754832	4.70056078602169	3.46865704755246	3.08741630031002
0	-0.212563399059513	6.09618930968725	7.03115412088506	7.45828976168159	8.51341304720661	8.80796490627467	6.32228676253841	5.21923368212778	3.62500092877962	3.19312395210611	2.89837745600736
0	-0.408829180652275	5.29091119927305	6.01011242650813	6.59209961064634	7.0846762416016	7.66024860712031	6.06184801168017	4.33737437612855	3.25406914865828	1.51317820879934	0.872611370662739
0	-2.36056942419671	5.80792850821604	7.20256529986677	8.70850166661939	10.0286455929692	11.0387061281819	6.92977186549608	5.22775355384022	4.25561474666783	2.70017595778699	1.77067052126666
0	-0.756269083977652	6.96188766727481	8.02712777849613	8.74318372402759	9.8483005838898	10.5019511177156	7.67662520755241	6.04114604640417	4.56395845056132	3.33612203741288	2.58331834028867
0	1.42931432186362	6.19797989007316	6.19147234624794	6.21586233424039	6.04264500835299	6.40218629671912	6.24019155163861	4.80449370342672	4.15379234421017	4.13100582281472	3.27400261540662
0	-0.989395185011287	6.82627028085719	7.2562176951895	8.30623026481808	9.44260210662798	10.0290056923546	7.44427664972954	6.45198774979013	4.71457777555001	3.62586583288064	3.27630756868419
0	0.288965287673786	6.97897843230019	7.48364596586034	7.81489599923103	8.38479413892325	8.91258537900664	7.5344314318926	6.64523033367678	5.7025426597462	5.27143820145586	5.08042201523483
0	-0.81392370192422	6.62196881220492	7.90651415257998	8.41764456801838	9.46188786823321	9.76035312106186	6.02920207917629	4.58455831261242	4.10878759740176	2.81462190657795	1.16804098891331
0	0.154464927836078	5.28840609888499	5.45644923269522	6.13356119879371	6.88208938641644	7.29093825221069	6.94755563753122	4.98100466798668	3.98270836374695	2.95699270210072	2.73266861761965
0	-1.40761457555531	7.11359008990957	8.29622690326372	9.65551713888241	10.9127341899945	12.0398960972846	6.76042020074738	6.30237988718169	4.02560617336566	3.46708361151342	1.86250284752571
0	0.0280471969766186	7.17536387008832	7.7898112337475	8.30331171669521	8.80346121084072	9.1110113487443	7.16232351058009	5.86516213334792	4.48920506019707	3.32098897513722	2.8342636305537
0	-1.55158547462302	6.35936175955299	7.4008614216171	8.89366430278553	9.68283077076835	10.4387893599161	6.93524410407393	5.51631950833867	3.98491225137647	2.67507626085449	1.786238809012
0	-1.23299746821999	6.70139906788082	7.91486095088764	8.98830600338927	10.128174833943	11.0177183837534	7.04237835917762	5.19757733598671	3.7100488665975	2.30463583060689	0.715886101986886
0	-1.17629107897991	6.03799854163496	7.07952477463135	7.94856841049371	8.98725547761931	10.0249714111686	6.30450492882837	4.85310427315993	3.1514813395555	1.39174900745007	0.522398734757949
0	-0.843173867826866	5.81253181053486	6.77827470181561	7.87749213129053	8.75929168486254	9.55820910760007	7.07839404875507	6.49056795954731	5.49293589417643	4.48440045350939	3.89230044970355
0	0.294194062209858	7.21010124563047	7.44679824876758	8.01315199532378	8.5325388852583	8.98533420192012	6.93205042550311	5.95698551250768	5.75709832825954	4.1263584865724	4.0286519857945
0	0.123199236945127	5.81910922421685	6.20814598293983	6.98907333126553	7.53945784227163	7.8430019755121	6.3382911639377	4.63734288813707	3.41365942219259	2.09560001134751	1.35530590233077
0	-0.825406661621033	6.16321596496073	7.16768140186192	8.16295350230478	8.98896344115801	9.85771816008235	8.09775347476324	7.23879429174521	5.91812783293594	5.14045848707517	4.31413000774617
0	-1.10347878916423	7.20779992144634	7.97595454839295	8.97457873181359	10.1254345883498	10.5277201142458	7.80299842864818	5.48373926372955	4.34929752747266	3.2041275935269	3.40926296095254
0	-1.3923313119697	6.19633230924467	7.52096401430956	8.76146644836052	9.77323843389854	10.8149053078948	6.75221378104952	5.2131088658527	4.68385262196154	2.91546992622708	1.79640944907434
0	0.442729494480441	5.99447452157726	6.22416329213781	6.74913428260006	7.06233880009606	7.5898475552807	7.57331199305417	5.52664556946644	4.57619866243602	3.8530793046098	3.04205192951121
0	2.029298740487	4.7466011049046	4.67109752011599	4.31213711666268	4.17469023479829	4.35300184120161	6.75031262847885	5.52352523301508	4.93857677196697	4.53154470577407	3.80433821951245
0	0.464476398135873	6.78377751000844	7.00683960070898	7.51902126195149	8.00829297917622	7.94700750589868	8.24236118996128	6.35959405008919	6.11668205202589	4.89423307479334	4.9565215000331
0	-0.63508247462465	5.86734216754651	7.04598927192954	7.75676913685264	8.13364758120755	8.88731674676581	7.00594018475116	6.28474649362501	4.61452253047341	3.72394640365777	1.85297432528906
0	-1.85240565419886	6.23736809416101	7.30335977759479	8.75575708806505	10.2154530753248	11.0306137185562	8.04268792781829	6.2300236824316	5.07835760966224	3.74795673078291	1.87197040685188
0	-0.272803534189969	7.20732118444626	7.55790915098092	8.56969883585796	9.33498537102296	9.72339080622485	7.41232107998242	6.10064594870768	5.21821536871293	4.5145891946532	3.59321708908549
0	-0.427453105755001	5.06097482268663	6.28890100914951	6.76988586398297	7.34311477214315	7.82950332371414	5.7217558485095	4.32744467478518	2.91741469321831	0.755441820295553	-0.581932970311869
0	-0.82281429454253	5.93838631571425	6.81059468896306	7.72739780687437	8.35447312495128	9.03988705326497	7.28206447118707	5.38246499365824	3.55708444131724	2.65591002015457	2.44191357911111
0	-0.312062565566178	5.94520975943926	6.59741575124025	7.21042642023992	7.81179747587632	8.63757154538521	5.97352743848638	5.72881230259029	3.8478834891532	3.25399928732238	2.232697785081
0	0.444685561980947	6.39817455904685	6.66320550664035	6.7230294761139	7.39709681025256	7.70786697099857	5.95752243128278	4.54185332502774	3.93888360924958	2.91189686253591	2.02798144075573
0	0.633974963444134	7.70273333431239	7.84305439486308	8.10026242552684	8.60703700136958	8.56813379618842	6.89133119205146	5.77696895866002	5.24469067391316	4.61331915050777	4.3904130000038
0	-0.334883860247284	6.80671558896672	7.32554901638547	8.07071023667687	9.23449930657453	9.58580018279145	7.12249112352183	6.28598025379903	4.42823985505007	4.60086017998404	3.59607719159838
0	-0.271135061576289	6.76851376583302	7.58158767868615	7.90957167678397	8.78845954623964	9.45695235023791	7.76748384355727	5.9539877130614	5.28123175840344	4.31086821480367	3.20292517857183
0	0.654231026860403	5.09575604896429	5.05046068223433	5.59695053943044	5.75086038889078	6.10455084521714	5.49370356262506	4.91811262773113	3.33386715848282	2.81737978121176	1.46915690705528
0	-0.77509998242567	5.80756826816842	6.84617062385454	7.38361597769883	8.70590216257201	9.19399849504438	6.57747041117935	5.67710872563942	5.04021590837099	4.40729723714311	2.9098375651377
0	-0.569400441054002	6.387352947944	7.52316699207546	7.68029673095751	8.80288086241569	9.44408349818605	8.32107252316515	8.03295411656746	7.85826970544338	7.13673182547121	7.13006603984942
0	2.55466779051843	6.53371729024068	5.96738049659477	5.5969369167025	5.26211400578157	4.89321252343214	8.2239811815498	7.86062932841708	7.46503129046319	7.96291677992969	8.7238631563834
0	0.350371423633663	5.63214223149159	5.69176472091241	6.53767158668889	6.94399904112239	7.4088896548315	7.09587039666416	6.64055180233363	5.1056658271824	4.34623597903493	3.16038142578301
0	-2.03662724870065	6.31111892937905	7.94445662844332	9.41176864653124	10.2446196185387	11.5175988557897	6.75598567795629	5.41453448828204	3.99541854449715	3.270734301229	1.93709572354209
0	-0.112013972022097	6.4914479718573	6.95761000739249	7.78716799174651	8.17496804092018	8.52053643220573	6.64860110467083	5.25544301535801	3.66455428529447	2.53243609128031	1.42642341031108
0	0.270590901337195	5.82082436195471	6.34834167200461	6.61921715086828	7.34655421421297	7.66657140812109	5.85329507566791	4.55056216131625	3.77241422459303	1.72317737315226	0.772927722743514
0	0.732067507839411	6.03554643464413	6.52340040466156	6.89115714703064	7.34253757787515	7.66771620193544	7.12009177926882	5.62712379512247	4.71640954186307	3.42527674922438	2.99029467431975
0	-1.64826169122918	5.95648687955152	7.17251718427603	8.13672445608079	9.42515079217514	10.2822712629291	6.85830394824045	6.27944325701179	4.73892366335724	3.49590698093839	3.17627719137648
0	-1.28676870617374	5.99299200612041	7.05015723157024	7.73734859750179	8.50916264594757	9.58881140452806	6.44612449115938	5.69697978861759	4.47340831722753	3.1246124823908	1.97814077243161
0	-1.65851686839419	5.82502631513636	7.02754856790986	8.09827415572893	9.44380085154321	10.705104538658	7.88498700158747	6.74374976406889	5.85254879365757	4.23872255548305	3.95842803113688
0	-0.942335190691371	6.70629105643002	7.53993387068739	8.21950748554312	9.66911891499284	10.6609957295783	6.66544363075238	5.23862065859127	4.27223136219812	2.20649578084442	1.65197109518266
0	-1.25544208881685	7.04829787706903	8.24650694332346	8.94835991110678	10.163985915792	11.0949589009794	7.39093946551843	5.99672760833499	4.26467037697666	2.96504107368024	2.24156631910181
0	-0.575153682555429	5.63184995107224	6.53230112828934	7.31839569271814	8.05200293421142	8.81450846800306	5.55045867111046	4.63587314670998	3.468071549496	1.76731564483903	1.03902131935102
0	0.173122910009274	6.52168586090976	7.09589600914261	7.51575739203023	8.24483777711329	8.62592203213439	7.76797391451456	6.81281404787739	5.45820678455087	5.45324645574252	4.44615741971377
0	-0.088396604436073	5.3659928317785	6.45605126422219	7.07796721432716	7.65461038818659	8.46012580886936	6.36956532498129	4.98975477253952	4.70743249329934	3.99101426420126	3.57318022001797
0	2.22959077497755	5.55045951116483	5.20030435373093	5.05911110614955	4.7176608363093	4.64768253421392	6.53397351988608	6.5404175726385	5.84272243905128	5.65882392467739	6.0639666957411
0	-0.910116148915912	6.21961441197875	7.21760924447328	8.21469839931671	8.87574642998149	9.81338513332385	7.50253235311766	6.30119587549114	5.10488692675097	3.47052351766142	2.95338850531184
0	-0.758024673080857	5.25679653693777	5.75942502324315	6.68237196979076	7.40156071873597	8.11229961828315	6.85942486893468	5.73572461349866	3.75845203105216	2.90350207247189	1.80872469912263
0	0.804321459387696	5.25688228343526	5.34634502715159	5.75869365232096	5.76037171617712	5.88519809866666	6.70384793105379	6.31428317982699	5.50884495132503	5.01926733088374	5.2182696686297
0	0.982684452437487	5.55555231170264	6.05411289701876	6.25353372278954	6.52357303966392	7.32655596859812	6.09091007300917	5.52294025393991	5.3583758580206	5.03226985889074	4.85420607226426
0	1.09610474081432	5.32196106976061	5.91853867144335	5.68655229907531	6.0614635942072	6.3472498413567	6.06929447122455	5.38187008869863	5.04670538477614	4.31907973761999	4.2739147073669
0	0.00543323097441877	5.36364911131822	5.95125515562401	6.5879514265209	7.29743065215883	7.424712995501	6.19513508884178	5.36339831036725	4.47388680374085	3.39554559549617	2.36218587156013
0	-1.4135237429054	5.24061177475779	6.18698571710553	6.92008404903215	8.29846499283052	9.07940191437644	6.18661762037466	5.02654762237695	3.72305871867786	1.78626280079624	0.458176786226421
0	0.563296086452024	6.22141575276701	6.72696231463248	7.40763969966913	7.23482303417087	7.50457292541569	8.21475765426974	7.02621441769441	5.89881920009303	5.09050306821736	4.91784942335268
0	0.664354681271699	6.77781825757428	7.14404366134403	7.30694353555549	7.88626191007518	8.06629744126009	8.3365422788408	6.59905906921829	6.56301612060923	5.76116608641879	5.55177373512611
0	-0.1935836873619	7.03145566013595	7.53099959960889	8.22247891545466	8.74271029929082	9.22079801247833	7.52756393225062	6.23809565994209	5.32589642254601	3.26888047093765	3.32023005704648
1	0.0245247481085267	5.89250759608358	6.44118970797578	7.35360885769945	7.6632890774751	8.60072867838484	8.0719511773604	7.132833630978	6.37993924960699	5.59553196609334	4.42348804440942
1	0.125362614650154	6.57190786428737	7.19835688909331	8.13339721439801	8.57145367372291	9.40607127099099	6.02075164217557	5.26242482826552	5.01302760715841	3.88916569097958	3.96026745294548
1	0.14967515850636	5.546048910531	6.17731986220086	7.24074649220261	7.40434863561159	7.79802209309065	6.40915298291482	5.19078993357895	3.75792197483979	2.17177287786844	1.50843662137438
1	-0.101496305557931	6.83347289762595	7.28568555760258	7.60276906569803	8.33979464011114	8.54633630389044	6.16993125392746	4.97188560289045	4.02235127259501	2.86030413511531	2.32909283943398
1	0.359655953396564	5.33227029819665	5.97010329840158	6.26576062813897	7.30841850565311	7.96254982901663	6.80504974877366	6.52998759812903	5.76872630361853	4.87346115268207	3.99479213597223
1	-1.11430990178211	6.85476293015147	7.25889690432627	7.25526149634279	7.3046163327546	7.36445498789474	7.84988279737188	6.57924360370414	5.38321625076312	4.99763958720885	4.51892615907947
1	-0.746370211904489	6.53686106039607	7.11273451594967	7.39370026057985	7.57120984069151	8.12433616681855	7.03376072186198	6.99874433576369	4.90713873523631	4.3397366297005	4.34861252309713
1	-0.893942229557493	7.09486266789245	7.32902272484353	7.46154164759569	7.78275387771131	7.81987589866344	8.21396246462174	6.8205230361044	5.39752238231649	4.998112797981	3.90357338802167
1	0.156251297666043	5.46292749029558	5.98647205796953	6.68101544662952	6.91730400687293	7.57287597646738	6.80750213025301	6.19885004074601	5.03234921493906	3.39865094585512	1.63250605909609
1	-0.669020855797808	5.56363412780642	5.6983632740839	6.21122995597011	6.47919656596505	6.91322125889241	7.04018076632036	6.679139996156	4.80633394095983	3.67465797611573	2.72200385906665
1	-0.338440800100916	7.27872880608195	7.8621955258512	8.33398797508365	8.39141229993984	8.82398026149317	6.46674342249203	5.65253932490874	3.51905968058685	2.73928823340194	1.3532918586039
1	0.529113324034839	6.1222178851593	6.73883305143548	7.76412326089746	8.30497526324786	9.1347465296027	7.02672321190891	5.26041698985427	4.8474609540742	4.33173515946392	3.02102634396781
1	-0.108031760047108	4.0102810114567	4.70347953639559	5.13911748792958	5.90202556444446	6.06441781773073	6.20297513816534	4.97184802277521	3.83716182732828	2.6580376038698	1.1593204967068
1	-0.690084530264723	5.6644035025758	6.14754009244098	6.47240510447785	6.804638298857	7.32115325339548	7.4480987982748	6.34169298249206	5.56898092152156	5.25821763730974	4.54292130522955
1	-0.605180005912587	4.65686998397565	5.20247182518061	5.36921583690351	5.73887857237398	6.1083246615145	7.12249603617073	5.04290305673018	4.2102629442927	3.40371752940437	1.48371548809771
1	-1.37992960714492	5.53146172205357	5.60185278252131	5.53333117436633	5.73132073874086	6.02761463322554	7.82968454997676	6.253441566735	4.98047192074996	3.90972548663079	3.0472501558239
1	1.5849468251334	6.20580901076928	7.41324162046835	8.5797389867503	9.53022413158837	10.7005273901423	6.79677734832465	6.32741886109676	4.81860240260625	3.67499771178826	3.23340901125274
1	-0.204398373304841	6.4911456025113	6.98179784135425	7.23963632027962	8.03317982141336	8.03495920943051	6.59863503725589	5.5747684395267	2.87510382811611	2.36592237940859	1.30089500716979
1	3.18949883912594	5.07914938869502	7.41552345848348	9.17845698517179	11.0362965900177	13.1483897843355	6.77015828097056	5.56076933882125	5.12352328426993	3.55723465887403	2.56664238407026
1	-0.751969233728093	5.49126681260895	5.67141223124348	6.04456258715607	6.64762543936019	7.09797761174529	6.31304426160718	5.02803592475483	4.3655291651783	2.95660470523214	2.16844363297108
1	1.33453514355375	6.4762570584765	7.50247844326637	8.82407740355476	9.97428815073065	10.7010139683519	7.17718880361724	6.52976310827819	5.13400302400094	3.9346797846738	3.64659067594318
1	-2.10308022415196	6.3678187607328	6.15963754546192	5.9926344626573	5.58020666041629	5.77214719279821	7.09410051155707	5.58686208571229	5.18226985848098	4.25320116963787	2.83942433230747
1	0.813715670029764	5.86296631395309	7.20866944835428	7.43284532837898	8.67173640189445	8.95960697721857	7.53129506239177	6.6042595187368	5.53137057963741	5.2327234728361	4.41199864037021
1	-0.611331722270627	5.91735746995273	6.19855794515814	6.41017147965337	6.74762549609683	6.65034323645588	6.67190794483176	5.20437045187085	4.01898187479826	2.75843760158158	1.74421760246083
1	-0.147174166826048	6.46144893529497	6.76264490632236	7.41515720205059	8.01192852508684	8.60217710130233	7.26073966577791	6.32528636504793	5.54227175856784	4.16591868735707	3.82587651407533
1	1.76940195316021	6.15101593619701	7.79706100160419	8.90165312037269	9.73849386590284	11.2847507970002	7.0535997917829	7.16454341825773	5.62026007505085	4.74498181666852	4.78422935610432
1	-0.0404450241515438	6.21563092623266	6.88159680545539	7.50201379881104	8.13935349758579	8.75532147706458	6.99286171628841	5.06795388865284	3.95318621525834	2.55580523786031	1.76312819390072
1	0.688426330091792	5.82110249474506	6.87319351809877	7.62940126424875	8.47317346707231	9.37408463169029	6.40793748419193	5.38974909910231	3.96765743444689	3.16437587175759	1.2036188778555
1	-0.700993983854732	8.34567630106332	8.44520644448336	8.58740348328308	9.10458292055371	9.16641237056542	7.9664191060712	5.93718716144674	5.47162469747688	3.90712375494254	2.98642394550433
1	0.480846067617994	5.06981319230771	5.57526999659322	6.09603333044579	6.74047153561503	7.13956525936666	5.94657903587075	5.93191274876382	4.3476974661736	2.52320837513088	1.72542603536192
1	1.48914209843078	6.3413012489631	7.51330776146031	9.01635643982723	9.83322304068915	10.9408662401341	7.05730206396652	6.05839103211727	4.82600370243486	3.41915976893743	3.24361975001451
1	0.529134048619572	5.4657277546981	6.21589089836086	6.93468676321677	7.67577707928273	8.14786156889886	7.69371238506803	6.11179043708896	4.35964959555379	3.66040938028857	3.29577653051337
1	-1.13650167213846	5.5064819558544	5.67529935351966	5.90929607970907	5.7961630819321	6.03486938336766	7.06676524534613	6.44289631794119	6.09961600932912	6.14893769685837	4.99901152239849
1	-0.23474907354401	5.92472883974398	6.23604429667373	6.38419734301948	6.89663234517718	7.49956532716299	7.43038407543541	5.59133758307158	3.96811249412967	2.95030586171605	2.50013158968503
1	-0.854610422520841	4.92922498854443	5.73788099016665	6.12573997475206	6.11885895871569	6.28200148674309	7.25619518430394	6.42072280432379	5.72682780691872	4.75937175762434	4.5681210848504
1	0.274448464515844	6.65525167456322	7.22541333551128	7.62027365338503	8.37713614499917	9.18120064163897	7.16107499379424	5.95747515570388	5.13457239871648	3.53856842853146	3.40793128808815
1	0.522718646155215	5.6740889048216	6.50356562643803	7.56658637298584	8.26725282537286	9.16996435742693	7.78248636760819	6.90107363543751	5.85749217682345	5.59129653406213	4.45688770479565
1	0.57967809968013	6.20098924552736	7.22522439817655	8.08618565397964	9.03940894666361	9.6346626348914	8.23090811992993	6.66129085627767	5.71274329531871	5.25468078460166	4.65737805073274
1	0.65849905610545	5.96210110337584	7.13210100708619	7.81459275274025	8.68103218736016	9.38128102491202	6.07559596241516	4.56018559480887	3.55653556366109	2.77175211287099	2.09502800062188
1	-0.160312617703376	5.50876241176845	5.9558949088318	6.67899289631015	7.21109674044803	7.23055103162643	7.96818335029194	5.77201192357773	5.36340548894155	4.39219392634953	4.27571877432519
1	0.0650483685561591	5.97296611215041	6.60638497563501	7.31577008554714	7.59577124295904	8.32267580443736	6.55070650031129	5.64949529327161	4.67870509059421	4.44521587095163	3.126336677111
1	-0.317732277729556	6.98083343381274	7.39167314998353	7.79666633411858	8.2365464388608	8.68097380334752	8.50996755797689	7.48040404273943	6.64393557139112	6.1789714440482	6.19367847497416
1	1.17109337381685	6.76508394653165	7.97456660121062	8.81828760595059	9.45653217270233	10.5278348259619	7.64863514225387	5.58249799930976	5.62534739648508	4.07522194512967	4.26211451679249
1	-0.348704406371198	5.66594866825964	6.12135408008705	6.64122790418772	7.12285517769122	7.50978195147887	7.30942387045966	6.55025183952703	4.85877368692217	3.68166314525148	2.62342458789318
1	0.162105384677268	6.33374788508116	7.0526868413286	7.76637780218829	8.59342001751333	9.24795860054648	7.17806852628369	6.08037257308406	5.74887063895049	4.790402568018	4.895124252893
1	-1.01472328173323	5.47217390239381	5.56052608848475	5.61347132878444	6.04590587002348	5.94606486340621	6.5755511438232	4.74456037980583	3.26159214433845	2.05174581916705	0.726121423757765
1	0.704826977294961	6.90518272966893	7.35563151573754	8.02152972427623	8.77978583252148	9.30828314277917	7.71495026783247	6.35247482943642	5.31160182338577	3.93594316186946	3.43160939372971
1	-0.690914796596796	7.00780485771881	7.12556321224728	7.46337388616742	8.09713283043424	8.47039173667967	7.37936202316937	6.62168890678148	4.68255172324881	4.28624182860845	3.20456538663302
1	0.882239629470361	6.29599328031238	7.37777501041776	8.28140439535852	9.04232866488245	9.68095543906337	7.11350435660652	5.35847517139466	4.17187602902558	3.1636449105957	1.4259763687513
1	-1.26394197205322	7.00556522431929	7.34665981771392	7.43471876906737	7.38016080552646	7.72562682113979	7.49320963337375	6.55759174208406	5.18603088260352	3.80792224465448	3.33831921299949
1	0.0387266808544988	5.04880167013053	5.62939646587987	6.32041308875427	6.43611649719577	7.27178729931903	7.52958124742831	6.55408011255204	5.83686884070734	5.66464196819383	5.26004942340005
1	2.18391574092297	6.94199534624708	7.99203500912053	9.44173756313489	10.7145885284097	12.1402028550784	8.06230632614334	6.81698010392147	6.04520020979614	4.4755618136448	4.23836797252817
1	0.693602964147122	6.46122688746929	7.56446593135349	8.57522670543763	8.84919593674025	9.82636874986449	7.13203836966499	6.85893650070531	4.70979449357506	3.60704499243057	2.71388228724019
1	1.26234443879826	5.75847368527472	7.28053592583613	8.31376789642669	9.72679428600559	10.5797004650297	6.01719261892151	5.89185348529221	4.00178688405662	3.40884722193754	2.75564186619811
1	-0.568225949691373	6.68120998213866	6.76492390965617	7.13029798261627	7.49272453951575	7.94553004383798	7.43198691102573	5.89278655237727	4.67950277902803	2.61786670358531	2.84207040696451
1	0.558903150403717	5.12420734138345	6.07924288337535	6.48283512686711	7.24706779431042	8.04662364405877	7.63013959747078	6.03223347996596	5.83789515021045	5.82463586238536	4.52555828115457
1	-0.662962413050692	6.71321221774807	6.62808751449539	7.04637877731832	7.27863377624537	7.75291344842252	7.84519760878134	6.89305555463223	6.09153559720422	4.38977552655206	4.09924640116827
1	-0.425264678608472	5.23105527484408	5.41280932454747	6.09514798450508	6.2151123894165	6.4716880500955	5.78874043304856	4.82054076828393	3.84743774259882	2.36708604859137	0.690462390463642
1	1.24662884766212	6.23224287469402	7.50477882618578	8.09379223138975	9.01488430203409	9.92536113687442	8.11087757588379	7.35852322615611	6.86485237554313	6.00976467228551	6.18690680686123
1	1.52352263422769	6.49304922712106	7.66614959626021	8.91463434000828	10.1176900015119	11.1237573265804	6.44201269829977	6.15674112777181	4.86750897881678	4.20661964550586	4.23165229440565
1	2.12085452114761	6.0129238159206	7.22868335333585	8.7637957287794	10.0676224759336	11.2602240985732	6.16909425780821	5.04464105843948	3.71294561373932	2.9660884471276	1.75036125314451
1	-0.0144061112123724	5.84593057583822	6.65873408612649	7.4483034823954	7.86304291302477	9.02439437865755	6.36678262948996	5.47088474667699	4.44709550232004	3.43544867542833	3.43750143599806
1	0.588793076414904	6.97798167395162	8.16212561462256	9.01006660969426	10.187890328024	10.7710661235428	8.32707342572228	7.39013993677883	6.64405882324535	5.89045470027899	5.37686115542878
1	0.445924507141674	5.59023483463032	6.65237882160195	7.33269123846859	8.00285842183734	8.55855693285209	7.54806572430885	6.70529537161929	6.12774420482036	4.97132335887557	4.81759538463792
1	2.23081298428648	7.33379122529345	8.62377490851234	9.93525985639659	11.8574877263323	13.1891752593855	6.56132485436119	5.80499207991099	4.21294575112819	3.06959699278372	3.26939124805841
1	0.788174905569906	5.32313554608924	6.31926952743093	7.21129200834231	7.92016951774644	8.8612095536831	5.98433530150558	5.46299438882423	4.16305040299235	3.23157502850972	2.36280390966116
1	0.0390883191395636	5.67064428081612	5.97840794935346	6.19227754981925	6.53965769150119	7.46241416536367	7.82380264589766	5.66787667058129	4.98875760940639	3.0466598303642	2.40072934456742
1	-0.610610312813856	6.01268598680647	6.48369366024175	6.68941155385836	6.94907166661563	7.05721442626522	7.28531030673147	6.08565453960456	4.79791113153344	4.59499507721182	3.70017133995884
1	1.21275897624784	5.55077117448869	6.73194778828776	7.60154323635735	8.60479080795399	9.6881339846058	5.88666691604485	5.01975097518998	3.55519822302278	2.76316422181794	2.06047156705343
1	-1.02341422969561	8.12811048256946	8.63100123420154	8.68321494905061	8.61014435955716	8.93161607071458	7.79941854525729	5.83299853610642	4.41328320487955	2.98938165423431	2.45798929850304
1	0.186814499811964	6.5263596033839	7.54124484274165	8.48548309660042	9.26314727410646	9.91433389606101	8.51955736744361	7.07475556414103	5.77889495374424	5.59178581134569	6.00212068666272
1	1.33179640506102	5.80577604682203	6.96116813983101	7.96043651629519	8.76272537613363	9.97633173309113	7.42033462728976	7.16816172810965	6.60354870899944	5.28226936591546	5.18730321698406
1	-0.7878873735901	6.49259117853078	7.05590227921647	7.21306462717212	7.85568033996086	8.16678398817015	8.40947017994576	6.29409842038684	5.53250376836554	4.97755969803982	4.70463929697553
1	-1.06552831118995	6.38548593382918	6.27189206659953	6.49955030322421	6.56388309295293	6.69944104698508	7.04253057339142	5.64246478166956	4.26321205505335	3.25657561391771	2.7271639261586
1	1.05375872642775	6.14220525946418	7.34902612246126	8.34998209350713	9.24619548620183	10.2953897492956	7.02944872225604	6.10264265449056	4.97715142027044	4.29537411790709	3.2605394827712
1	-0.977793349596052	7.18704844976066	7.37813446884644	7.47762141674001	7.7442720585398	8.05633395365144	8.47807525127883	7.07088646989172	6.97501431492324	5.53417669508496	5.87665972888792
1	0.313372844570139	7.52728291375757	8.31305088339206	9.45781258556323	10.3552612879158	10.8980892251907	7.69205841686095	7.24375644327788	6.32290797443904	5.79275013612613	5.77602769907845
1	0.264492152448693	5.22250298326366	6.1853294677093	6.35772209353437	7.06151899379832	7.50488516310405	7.29013388506938	6.45720572256011	5.04217943367534	4.54917700925544	3.82697434452404
1	-0.106381183438371	6.82342074554368	7.5335472185807	8.05402161051243	8.47071131608896	9.06409575786288	6.60488434906687	5.18751317151732	4.49493666397321	2.94578080475557	1.9434119360938
1	-1.13406019046195	6.44242395669996	7.15226931482605	7.22874143629513	7.28217239669632	7.21117216776847	7.68642268107455	6.87028650205741	5.56348216458619	5.3522823525461	5.20872088953648
1	0.597864525113837	6.35021023007981	7.39157876182325	8.1759969094606	9.24952372437606	9.73640189567951	6.98550757187037	6.49270566221844	4.69437690031477	4.67574003896102	3.5249850077646
1	0.353791151091298	6.61094392041699	7.21606521420894	7.80315541935093	8.94554480775305	9.3795854430347	6.3958256395205	4.4270137062668	3.71145313417251	2.33631092715224	1.2136632573565
1	-0.178769275653391	5.64606158672083	6.07963129528545	6.28935760674733	7.30532731155874	7.96799091748842	6.47108029191558	5.90573098025482	5.62656591560676	4.15784407049002	3.85967449858905
1	-0.369740790420187	5.64323770221415	6.26147632365494	6.79250227889332	7.23588927988159	7.73146854045916	7.8154774987951	6.37459005093951	5.02992171032761	3.91024751378106	3.96503859984687
1	0.868070853164058	6.48573069430183	7.18902276186226	7.83868752796674	9.20678720988545	9.81141748585475	7.2081127068833	6.88484595256839	6.73698479010693	4.33479789733831	4.54787215409642
1	-0.271284331899596	6.23525786680794	6.707872307081	7.10646780633564	7.76231490333697	7.97681424687208	7.39463075684352	5.75767688479931	4.95239179636983	4.2251546195387	3.01217316057894
1	0.165952866190229	4.82434502746993	5.36896729247119	5.8128043701112	6.18003632109954	6.80772603805496	6.0970065090278	4.36514228813668	3.72814920270376	2.41189466061778	0.104445365979551
1	1.78983543662519	5.2945840203448	6.37051310341582	7.61962873926526	8.86170143883741	10.2939329590517	5.66391596868119	5.11351645877397	4.08064666107201	1.90954715273629	1.74753132619247
1	0.129570049466721	6.12091187895409	6.47872009291072	7.3827018517522	7.67706482135183	8.1347975786988	5.78111928351923	4.3199951827649	2.06991639407115	1.40274513551709	-0.253785342930679
1	-0.268622440960404	5.68833417646958	6.05648180696137	6.3387419500198	6.9875185589702	7.76590648065947	7.05510465035318	5.39587655672744	5.08051176810238	3.45422431473436	2.4409814117457
1	0.00769911206359851	5.62173503081955	6.52711474995417	7.44023226910572	7.63402408096189	8.57174865010732	6.90891297052474	5.66454671937664	4.91087562721626	3.23800043808157	2.80806188797149
1	-3.30047736335748	7.48787226938866	6.28954641953889	6.03825683593387	5.12487859148611	4.40783662313451	6.1879431343165	4.99740902302444	1.96125625180276	0.613300198213889	0.433086096541585
1	0.247033969191519	5.84957017621783	6.29828106926649	6.58546615583155	7.43549940404714	8.20500259928609	7.7131046050858	6.61195723939433	6.01968050855265	5.40996683173007	4.85677588147141
1	-0.668010405390624	7.57363818858767	7.90613315145542	8.26643381257805	8.19220302476563	8.59459054203898	6.75605437679751	5.45796529423416	4.04198413617176	3.51768917716713	2.68871205278124
1	-1.38779149281388	6.6062169108388	6.90781240002285	6.90715702012291	7.0533791363448	7.0758668690559	7.19382683368567	5.4876300446056	4.39984118365157	3.74742501430873	2.57293406117704
1	-1.23124302811605	6.60252886502769	7.16194392711275	7.02304116383245	6.90202015805465	6.86752176152315	6.36335962247743	5.43414848774211	4.4025634565416	3.91070482452191	2.75777625697088
1	2.1718265185688	5.47429998080579	7.14157032014863	8.5797647975455	9.66545777430574	10.9542000077616	6.65943851049399	6.14190335603062	5.10629996008585	4.49944619190864	3.75525693763372
1	-0.362585892957054	5.27575768374746	5.17496473296011	6.45995363426293	6.56473153503283	7.09625250038723	7.193394196972	5.63609615574116	4.61350932273362	3.82868798774255	3.0878581461426
1	-0.277734949905915	6.42945400864917	6.90217429178468	7.49856890244027	8.40365175786151	8.85384337737534	7.24314506422422	6.78859920123457	6.90625496805637	6.70966573103485	6.98719988890128
1	-0.659737879067387	5.45482711766981	5.82074957167763	6.83132203574218	6.88940817836735	8.02554646323603	8.02410219256533	6.88219362507639	5.72692409727384	4.99153380453042	3.501569390948
1	0.46648533267261	5.20664292687593	6.06947682984578	6.70125160065569	7.26725202066982	8.03911821874601	5.94847221167122	4.57287238663145	3.32830746030193	2.70923617221325	1.41802253835025
1	0.58811414606085	6.67508240904602	7.57840832319196	8.62499364807364	9.33866119316875	10.2262333551989	8.38901501481374	7.1654367741014	6.14620923526563	5.78615818171924	5.32739912694878
1	-0.207434637113246	7.39639587855196	7.50051511019156	7.85029503417559	8.29325454438136	9.03544431303031	7.19227621180415	5.04098965711727	4.91546928714131	3.16600959434093	2.45140239651216
1	1.75704336646619	5.42581205381953	6.78070420381065	7.77950606411465	9.05186675310521	10.1100502284166	6.68319537351257	5.39259551707062	4.57090527724774	3.78224609104144	3.54446113892635
1	-0.194470104327141	5.41310583905552	5.9259739687885	6.82911463228736	7.15936772038028	8.00326102095718	6.74837482447911	5.07113900825227	4.37506476365432	3.03611015728438	2.34409361456785
1	-1.13851549553273	5.56589679992425	5.86807780721788	5.88226894218839	5.94259268761285	6.29041804524867	6.47982105219714	5.2751490020224	3.4912166723888	2.98770769377064	1.93343539046232
1	0.257807232068472	4.95515608456664	5.91589729109464	6.37827892487839	7.38330786831472	7.38426701544142	6.52521099649678	5.36127347646502	3.69187019665855	3.42321227459866	2.38750671859547
1	1.76953475629328	5.02225220299057	6.65482915778481	7.82106823946153	8.75372918683113	9.56753845954783	5.70992118186489	5.65855222904084	4.89303614983053	4.12441765060558	4.61851371120393
1	0.932734030350472	4.78331668604306	5.90478125412998	6.74786042324905	7.4240168217308	7.69588069105189	6.16204878471645	4.2762028311033	3.63711982754518	3.38561114238277	1.93154073171578
1	0.809296162003246	5.37285468428551	6.24026893214961	6.82197717168074	7.71580211302904	8.45073238334386	6.90546295753593	5.24000888050176	5.01324524037746	3.36648319465726	2.85640198489044
1	-1.06227927957708	5.42830508276563	5.72839567406689	6.01609642553636	6.20820180133846	6.27687154627943	7.2179189966578	5.32381828838324	4.20478258766811	2.95393970494663	1.4804346231995
1	-0.251706579732951	5.21461874489458	5.75184385138506	6.09970419894129	6.31698978155224	6.41036983740838	5.6881575937879	4.98603975602401	3.50222268103712	2.38438542205459	2.28992094301634
1	0.271446863128018	5.99869954235085	6.689835747651	7.72122204039813	8.29187678192296	9.11366205144483	8.15257707791198	6.59688404658399	5.6769308214615	5.60038148442932	5.3792871000009
1	-0.23509200980213	6.63185543483141	7.15599850799025	7.75207158668152	8.25051588985876	8.86857812707962	8.17172931802342	7.11796125807035	6.2595695176045	6.02284858090714	6.00567204031251
1	-0.593922397024445	6.46412640439969	6.77570531176331	6.7277689510536	7.6065458630443	7.35425963767769	7.33088830325274	5.85598205808997	4.95873241201994	3.32493773629918	2.37795456710719
1	0.554739470642137	4.7773239579495	5.74912800943564	6.51461451818042	7.24598201728773	8.03237729711548	7.06617217107216	5.33286577664511	4.33447305249171	3.26597219306842	2.18145164151513
1	-0.47506498374678	6.90896745408362	6.92304221912659	7.43589015478268	7.45752083119256	7.74550607241503	6.13981511396067	5.01437858868792	4.43431356981414	2.95860217313104	2.15203256553009
1	0.704592320208957	5.85425426808158	6.81076300798489	7.64604264528365	8.51482129828412	9.21700692187059	6.75843792089446	5.82230436872242	3.98165139115102	2.59628477793522	1.87161552973154
1	0.506130699346696	5.05395028633206	6.15043031735469	6.71566536999919	7.69693388042115	8.68044093481847	7.59157878206322	6.37281722710324	5.55098631036077	5.91035101351818	5.20834877656709
1	0.315123763452454	5.03313662012968	5.76093779721568	6.44500018301551	6.94386589186677	7.79045217734977	6.30979566519447	5.53180979345769	4.58626741919988	4.2030951685388	3.88537628329268
1	0.336766170282423	5.09227575098667	6.39616055754826	7.12339097096823	7.82719018307725	8.52517208782432	6.4592498503208	5.48507196220913	4.25670369638099	3.53150865827101	2.80813942879788
1	1.40235886466063	6.39578584840243	7.50377707030015	8.51258132946126	9.58472828419617	10.3498508765815	7.40352701030934	6.18312251450232	4.81505665368688	3.86739557621834	3.39847750354284
1	1.23065613788664	6.03650662742924	7.46933124340877	8.71522824474605	9.16786589430247	10.00168827147	7.52797788164663	6.81039300193441	4.81597086784745	4.23853348972147	2.86736472049222
1	-0.755509665241162	6.0002276655689	6.45405932478785	6.39523925505717	7.11693001900957	7.04935389784658	7.57410714112541	6.48699122705638	5.26246856148893	3.91789933303897	3.2311463795018
1	-1.17129203829924	4.68013691003466	4.72782874139434	4.85110231781217	4.73161201768637	4.58169432707282	5.68084737913111	4.2579666571193	2.67172359001467	1.61670134281351	1.25932813422752
1	-1.18664207125885	5.27908062561689	5.55263223310463	5.8577180102112	5.72528924172766	5.81303582592379	7.66972963637016	6.01619605026454	4.45393128126097	4.39715586715811	2.61498665494312
1	-0.61201856313558	6.32676838572443	6.47554749880962	6.97904868379932	7.04126815865557	7.5969140906595	6.46392126945336	5.12423092599046	3.39768887871159	2.62546903184656	1.55051348015549
1	0.697188977179484	6.47596665352649	7.32595223980967	8.34120059245127	9.0470693979558	9.9624588716067	8.03275733560339	7.91728693686009	7.32909528377098	6.73406541606026	6.70680367223973
1	0.57785508523187	6.79716506479347	7.67702573182558	8.20789706581792	9.10465083221109	9.74376953623754	6.23991105920034	5.30807225064924	4.27981736705611	2.09393574751163	0.537182983563072
1	-0.0546805721484086	5.82393054950211	6.46365970679816	6.89696067903037	7.46764617236289	7.95399569560255	7.27678606012885	6.64024773000139	6.26769438658018	4.77708559492603	4.1764388089161
1	-0.168497727159338	5.07842311851618	5.79400958179373	6.16271587480175	6.65337930423786	7.40474577225961	6.27415207360617	5.14006413878895	4.15539000251833	2.91633435732112	2.22417986388604
1	1.01939878822921	6.11636272155915	6.94953867665978	7.85849236683116	8.56615749074565	9.41428895058994	7.31997275282637	5.10272932367774	4.85102267259479	3.8193159857825	3.65901407897413
1	-1.79019171835856	5.81741493594877	5.75017280597476	5.42505762429924	5.20064352402565	5.04909273754762	6.82737874180142	5.74560993450598	4.45672215337986	3.21438509067175	3.6286894626057
1	1.24842158303637	6.18432028131343	7.20027830237695	8.62179310074559	9.23308722219369	10.1964685890035	7.25490355375218	5.48350826310537	5.25234911090599	3.96946170074323	3.03330599682772
1	0.204860016380102	5.51758715148541	6.19319936433141	6.65345185428783	7.34313595742014	7.89255782405736	6.63498774353681	5.53686547811891	4.7275012180503	4.33313891547316	3.48937933373858
1	0.830559912141604	6.29712690262233	6.87217780964718	8.20567243690903	9.10835940983992	10.4342822055088	7.47559733137731	6.47051677626957	4.93847031301605	4.16778803607373	2.61602092319248
1	-0.825228741225861	6.01667892176321	6.44101729870001	6.64227706163126	7.29439149524696	7.51566762385518	6.89576317307015	5.98177607040923	4.92886330781198	3.94286484612047	3.50544468790226
1	0.962095302606371	6.16781604734371	7.14716684294086	8.42965519482122	9.10020539814185	10.1979989773696	7.40080052501596	6.14945396793653	5.65611982662473	4.16264903161597	3.16821890362609
1	-1.53986398241113	6.00016350277699	6.16203471558942	6.30395025767086	6.12431964795332	6.21719297314191	7.59519625194588	6.37246205581767	5.91466438889752	4.64180985751704	3.92692076665391
1	-0.390019402322027	6.25288256237467	6.61931432965241	7.15339900586093	7.77141281753839	7.91430697901931	7.36553377803818	6.33104318758152	5.24910328070986	4.09763829591905	3.56549697539345
1	3.35826820619831	7.21347432746199	9.19205394635946	10.7263409802486	12.8100706756945	14.6060438333756	8.31277548250587	7.6877269492266	6.46096138312981	4.97269824146307	4.98157665472473
1	1.00866759485989	5.35397215063648	5.96653907238833	7.03381168960722	8.16465351757809	8.64421428050273	6.99850542105544	5.34718601621214	5.11546143395968	3.07620161159363	3.02601174590159
1	0.858924632857646	6.15578086634223	7.08115898620185	8.01957794777019	9.00546017619167	9.68657750120431	6.93000241534694	5.21597173667528	4.52399896293329	2.83634796892445	2.46157910625686
1	-0.89846214672223	5.89833986774418	5.85166022152391	6.10545785984968	6.19684908334087	6.49972615306076	6.85336118643276	5.60553119423149	5.23463001325965	4.5109033521798	3.63501118891334
1	2.7552987538875	6.12336922191417	7.99313417528418	9.80545344686449	11.2566128476841	12.5474523262585	6.41759468918793	5.97542436689104	4.42674489834533	3.6258676864952	3.12875978761309
1	-0.0519019985657535	5.13531752908631	5.59354920441272	5.85600762930475	6.66045249284837	7.15941381067301	6.2833498841813	4.09494805784057	2.68587136218272	1.62851821357136	0.593599996561404
1	-0.446985166163199	6.13373696184199	6.54836458109537	6.56918190475601	7.29892543446368	7.40961833881684	7.3712935189425	6.42440765811992	5.44472696417134	4.94941659214332	4.14747664500777
1	-1.58486992829011	5.26191929033005	5.25192691956234	5.15454786340974	5.56244360528695	5.38664885528339	6.59257300186185	6.26966059511376	5.15122128649281	4.44431458174466	3.5758312998413
1	0.335336139038353	5.88776321350105	6.72299820860641	7.40682038433892	8.12368088440032	8.98117755276005	7.44814512157297	6.55886488829276	5.91634551510512	4.77414952763809	3.99667351946088
1	-0.18229086588437	4.91656858138585	5.48222868226099	6.02852463422354	6.74002166861391	6.73677492705982	6.52330895904823	5.74189820991017	4.50033347878661	4.25496150005484	4.20458622540966
1	0.0600636880647403	6.49231878226145	7.09656909022232	7.63501472237223	7.96523730706162	8.65940903000442	7.38384349143739	5.629758950035	4.45487163676874	3.48510416787412	2.63864365684635
1	0.278455726259204	4.8613059321072	5.50737046688291	6.32493296496259	6.93336423246142	7.36276414973451	6.78936843761043	5.15797007598361	3.79382954367412	2.25686131266387	1.05142881524654
1	0.74695169282286	5.76297015609024	6.23641532040874	7.13492883287733	7.83528032419785	8.52036750673919	6.0452450536815	4.72170193817024	3.3470493085116	2.25405980776792	2.02274450719787
1	-1.61884938136165	5.80412147585233	5.46498458835198	5.40367681912419	5.48485593684398	5.23265085295052	6.67762635727633	5.29910970899098	4.43775144618772	3.5952943038802	2.73164801087051
1	-0.324294113879478	5.92032189292363	5.85426730180509	6.36702197799982	6.98011809357472	6.92529853765646	6.1689326127277	5.23076263708929	3.15608710850633	2.0633224282732	1.24223041905989
1	0.90850344754794	6.59043880356144	8.01459788323052	9.05938613120534	9.94474738681494	10.9271085975871	7.12841504240791	6.43247459722306	6.47689049235461	4.41931754223025	3.87310480622377
1	1.01193246861238	5.73382820640277	6.58149527439024	7.34765518614351	8.27964124192153	8.867797468537	6.73842255299812	4.36571051835212	3.72292501437842	1.73449727101238	0.855098827550325
1	-0.691440183402876	5.01660862591077	5.11757900790085	5.87260418233188	5.84517701817597	6.09382339276782	7.15781605397914	6.13729277142921	5.52415065430497	4.06939652282328	3.86639060692737
1	1.54845733650056	6.24875890690727	7.77118690859951	8.76648547982845	10.0822108303837	10.8382193957532	6.34527937194266	5.53530090991748	4.42362649917034	2.81309850045191	1.72011931654543
1	-0.689528666634574	6.31637662364442	6.44972700274824	6.69810206226666	7.00495250205544	7.56495398222131	6.52554262403778	5.17812516686256	4.77831826624346	3.35753063194849	2.13927431210883
1	-0.86461163162862	5.4802307565655	5.64928528381371	6.01924691749009	5.79970974400665	5.69997354997061	6.72525919923761	5.4834272933806	4.29758939285608	3.38284927199769	2.54971543683619
1	-0.622636453885012	6.45915519566205	7.47141016129215	7.65743548722858	7.2634429512307	7.96859109860543	8.20459516321096	7.07733264484697	6.80105273071431	5.13410263904353	4.76873577793543
1	0.893385786355058	5.41853143912638	6.60033200170442	7.27892630481852	8.35758830835434	9.17997475754787	7.49412764064438	5.91888058233767	5.86828476668645	5.03916780347792	4.51712597756556
1	0.0447687147161393	5.03319406740483	5.40270835579737	6.2295260403342	6.726224525349	7.19511776569229	7.16211117139726	6.36983980530838	5.30165266783419	4.44000839311666	4.40952339489798
1	0.664574574291544	5.51998694814488	6.43499434871157	7.05497489049563	8.09373270341666	8.73214668965715	6.29652587089983	5.70907332534197	4.71223906598587	3.70380713508984	2.20495088940948
1	-1.71506464178837	5.28054925979837	4.71271035560124	4.76352429722467	4.89835957341844	4.71316684140394	7.33750034430366	5.56871473584909	4.19982247611844	3.05439413206111	2.05221223906719
1	-1.82843178560917	6.49127578580245	6.6933536532132	6.50746287995911	6.30182106184221	6.35727369408867	7.67953199345791	6.27674337352144	5.38155612486903	4.53283608759814	3.27935656628182
1	1.6932783672628	6.57609124594006	8.09357651545978	9.18343475105711	10.4049125562819	11.5842848147276	7.46492394407326	6.38498266422958	5.21014812235042	4.94757567560034	3.80446907442552
1	0.253708955730347	5.95199387373549	6.75673947439978	7.46083622490379	8.11774553417659	8.75598767214752	6.87482091103633	5.71792838655001	4.01404031557925	3.41856719568806	2.20894048988666
1	-1.77206053992968	5.80844332651772	6.22138862965623	5.59215907887121	5.71560066723488	5.66568773619263	6.95362642596957	5.38308046906144	3.51697169249888	1.97340881043172	1.37600136441597
1	-0.361197595461032	6.06598090909459	6.6877531932282	7.18568730844516	7.40392255012119	8.21498447482805	7.61256241019258	6.89946171891189	5.81712392511995	5.22070750249154	4.26000256166083
1	-0.351333832917586	4.99166832038733	5.42283701559604	5.89721252037131	6.2662525860209	6.28412073004845	5.88601932258779	4.56979071083847	3.36410615029219	2.02550841541587	1.48226213033397
1	-1.60658482012938	5.82751569305139	5.62722796506791	5.60654223769648	5.21380038647736	5.15248791299518	6.68064014760042	5.14132156135116	2.91245337927654	1.62566177796864	1.12031411137817
1	0.0309164697774673	5.01726881358124	5.23833604629524	5.7912370166941	6.49550273594658	6.85178863740835	6.3201805969758	5.66746481621613	4.89961756956563	3.8088008141275	3.52134071708035
1	-1.27281049397305	6.1750275887872	6.20152350477752	6.21329278901712	6.42965369756021	6.20490615765234	7.17916924504313	5.85357316926061	4.2726542449333	3.11006153247553	2.56759160252923
1	0.983482628081714	5.82455543986865	6.85609677748208	7.60786535122554	8.73976705280629	9.27363755303683	7.0709022349831	5.16721041022273	4.40681811191528	2.59576580864662	1.45574223826659
1	0.341015132601931	7.22902176369859	7.62996588155205	8.71728327569812	9.09194320318784	9.87138107568419	7.16916793624727	5.89600988286029	5.66651889527076	4.35959643437493	3.84240055911222
1	-1.32302827376898	5.34738087850718	6.01350342076829	5.90739043891383	5.72018650609821	6.07550319804781	7.48207122142594	6.64299391947113	6.75456426824698	5.91898460133266	5.51110610824697
1	-1.60881165191609	6.09669853543916	6.01238732438865	6.10344742799654	6.07795587764985	6.26883217810211	7.37784459747732	6.29894358815418	5.03733945364034	3.10191286439787	2.76100010062962
1	0.845639867689074	6.70400247815017	7.9104318159281	7.98089245805047	8.92506341712726	9.85114756610301	7.43162870836357	6.18378481649741	4.78264500733343	4.07131052921921	3.8980646368472
1	-0.0768771470861667	5.717255457088	6.80893957632906	7.2633920602292	7.56857100957901	8.30170458763174	6.54524228389979	5.18800127399118	4.16291850052055	3.7834940802467	2.84757134777119
1	-2.32518151818899	6.22683256674613	5.81917181044904	5.21005508439014	4.79772757295076	4.38408382200963	7.53474848114852	5.26813378687493	3.88597675421208	2.61887419159526	1.79984218908331
1	-1.02770016243842	6.1415286632691	6.25132611003857	6.58763947402735	6.7300691073266	7.44169523677805	7.52295052603872	6.11102121619663	5.1404205001249	4.69122946257191	3.85720964718749
1	0.304997463607345	5.83280668840689	6.60092304965227	7.07772704875521	7.77559241656791	8.14833944094968	6.5631123202201	5.26677100501499	4.25643958950216	2.49645155934033	1.4434918964218
1	-1.39163903322913	5.69205189271467	5.67209106900352	5.49021841226823	5.56513413764572	5.75507790384688	7.96691403063183	5.96025178638853	5.5433144534218	3.79744519896172	2.86820976001127
1	-0.535817452211242	6.36372899213506	6.47115203830498	7.22878535281163	7.51541163759937	7.79620861092423	6.55519972421059	5.78316335730882	3.98273658915182	3.04177201562112	2.72615965170494
1	0.25498172084963	6.19105140430472	6.99630312572738	7.73941459903828	8.44990682261276	8.9338462587682	7.31925407050174	6.549716879104	6.18745542917044	5.48022291337394	5.33653141290422
1	-0.0775771393510036	6.0703707834111	6.64259343603151	7.31719488648698	7.89439216671947	8.47273608309628	7.64054944709421	6.78770153689484	5.84883534353721	5.28736031813625	5.72979112844395
1	0.247541207103647	6.34867283981853	6.79200096503262	7.18696815463037	7.88310280148969	8.43594161272512	6.36124883256117	5.27213307268433	3.69094288944417	2.69137730414193	1.53277508984029
1	0.581342727880844	6.1206743164957	7.01351220307243	7.87485337948926	8.50008565934505	9.1211541759829	6.05447949294603	5.30918444193858	3.69172252589687	2.28963605928802	1.10725041155045
1	0.503112736921827	7.30445538071865	8.18777977061365	8.67911377637695	9.56226839783229	9.97213583077414	6.53338034793425	5.1507139166906	3.73007084368488	2.46367706628981	1.49541869687529
1	0.274113597139405	6.10146123000251	6.96321711248591	7.30428740823058	8.42517685849533	8.5426039812533	5.85938917299678	4.37248402614427	2.9261854575376	1.70202926619123	1.18631777705386
1	-1.26378439324629	4.38545455973311	4.19428156254738	4.66986866898535	4.56524277505587	4.54919522810986	6.7138790446732	5.46812539699076	4.6215198686612	2.47262959126975	1.48065255167194
1	-1.44300608146932	5.4585263322296	5.12236234777292	5.27122559927111	5.24756741992114	5.45795614796104	6.48897830602648	5.4863550879674	3.54769810934402	2.72569377690773	1.1320840511802
1	0.724296123658957	6.12561811190836	7.12453367479023	7.71755214194573	8.62760572425318	9.25892987481948	7.82281829387169	6.77723757119978	5.113926391173	5.34245525305186	4.28580331499996
1	-0.157785367564273	6.66979308358999	7.16385992320524	7.87374937618531	8.38447841546607	8.59229051319459	8.18780385060372	6.39070138503327	6.3536519773605	4.79449550473863	4.5829080161957
1	-1.19817204690516	6.03168190566085	6.22695766486447	6.33726129713201	6.27351324335695	6.50982742443195	7.66252515065775	5.77143330604193	4.47881837477475	3.67426155661819	2.115614284256
1	-2.51831151456394	5.13247585558194	4.31799354054036	3.75019185171265	3.31043937998131	2.78493033759512	6.9717078806961	4.57229657716335	3.68673711013532	1.7260888959173	0.948620993916458
1	0.662927501063055	8.08832089128238	9.19235844594103	10.0821856138019	10.8569324027723	11.7780485099395	8.95656338869941	8.08361214462598	6.87664124292049	5.52383006673489	4.58372718771427
1	0.587106934912758	6.38336695898481	6.96685135118057	7.76503126958158	8.30396354318211	9.22759225010599	7.0681021153487	5.97336275475689	4.6281141796131	3.68967449397043	2.73174758839866
1	1.28759042745487	4.82736774682418	6.18718942684921	6.92676999895481	8.10675183234517	9.16837842515822	7.35678747970881	5.79778856165324	5.35956118854451	4.82250772802938	3.66158406287939
1	-0.688678740532659	5.81209097346122	5.93421519027316	6.08853410715501	6.45382724979132	6.27721178590819	7.00053091744882	5.5601358244328	4.27462172051429	2.33008424351774	3.00843771399932
1	-1.79911230724773	5.98611351089506	5.83803696379847	5.89714462084002	5.71717515439311	6.16883941021701	7.41627093412225	6.41047456656643	4.65766231383392	4.00794240966275	2.83675537658902
1	0.998475202322677	7.34447541688235	8.16108758991292	9.47783971588304	10.1996775498086	10.7669851669049	7.81937142477832	6.640592703416	5.32203038515231	4.39656260657337	3.50807608422991
1	1.24782327149555	5.06434508179082	6.15062518527455	7.37909529600323	8.50023255694139	9.26207987404661	6.87217975850196	6.3812963228211	6.250713241755	5.14765715964052	4.22138377341738
1	0.147513471529507	6.08043757566413	6.75394774928827	7.22029658346063	7.35076447067968	7.98987363425443	7.10499651233313	5.46313586227864	3.81920717671224	2.76122644760422	2.19781192272956
1	0.495599834367167	5.33448127844606	6.15300917649844	7.28184284011047	7.81845630446023	8.60491893476886	6.53500914717013	5.37577705196217	4.99511514868466	3.89835831444766	3.59117106176215
1	-0.588480171077129	6.10502489324665	5.99850477483245	7.05882200364209	7.12709744720154	7.72196789344724	8.33071223397351	7.30900976604304	5.98838235678557	5.05995671651497	4.7145327807565
1	-0.409821023858576	6.96261942640081	7.30414174963667	7.93971755946831	8.27602502058064	8.72720679748662	7.93166417833924	6.7560523550525	5.54133250994508	5.34368666161818	4.63153501781323
1	0.0797653940766232	5.2819445554174	6.03946195866822	6.44997684487459	6.78475831305868	7.25876824760419	6.52227406786985	5.40440827257332	4.02686826294211	3.28587806939561	2.24097448383529
1	0.0968040513693743	5.93706717701157	6.29757614785247	6.56130909070149	7.38994742762747	7.62853435839473	5.88178303120842	5.66157935816908	4.61033676947426	3.10236354365269	2.39839956860671
1	-0.177984329857125	6.00369258512247	6.2082964187019	6.91274955531738	7.56664811683089	7.90558883227796	7.51699498695121	6.21294863710261	5.98435979970275	5.50890983878498	4.42402789546869
1	0.735850699372985	5.25124482163489	6.48702491050841	7.54667038841003	8.16828326408802	8.8229933692977	5.87327091591363	4.91390608524081	3.90004970170478	2.0274059545354	0.984495518142199
1	0.63755253078283	5.05759199514911	5.99386265828982	6.71997782919897	7.3975715407027	7.87512212875985	5.61624072341717	4.79028172410056	3.3097445979345	2.41326279297041	1.66831756286319
1	-1.666838019662	6.60826541413733	6.56066505088788	6.66780874102094	6.56811687974086	6.26247241253799	6.69567324087371	5.30251311600291	3.89857849323353	2.98852346697139	1.3823177505002
1	0.400357464983901	4.855143091211	5.36195705673788	6.27583096219257	6.71065641513315	7.20152346320026	5.90183477354839	5.25822207488163	4.23209903466903	3.0241930178908	2.77441534901381
1	-0.576880320420629	5.97708425816831	6.29825598491526	7.05814656958959	7.29295566249414	7.7870150293869	8.4253306185245	7.50270238264069	6.54609982336294	6.67016999191536	6.49883195597034
1	1.62758181137403	5.88872180082163	6.79372745087786	8.10283385688339	9.18306476482601	10.2657460946651	6.6129159219971	5.2789227977585	3.87182047704348	2.81627807513893	1.49848751803578
1	-2.09932025383862	5.78859544031236	5.9370642331822	5.61654948069306	5.29788755392856	5.23676230299295	7.563887635284	5.52809174815937	5.45221058753843	3.92178858570125	3.36237840308895
1	0.975315089304485	6.31647775304339	7.10174390923982	7.99512347914592	9.03121447878228	9.65195858638793	7.33799881525643	6.43153775855911	5.51618883017009	4.8564673026284	5.23334068134055
1	0.336782473872219	6.78622008156805	7.88634955934077	8.23371818325316	9.49577060209235	9.93584116953555	8.04830011378954	6.97438078156659	6.3176165134195	5.96721112366735	4.93611952716419
1	-0.164927739834256	6.14247532424799	6.70664311216974	7.34793012340625	7.51945270514382	8.18674381030865	7.87440613019091	6.03116498925027	4.5183257930658	3.05121355050542	1.95852384699813
1	-0.69461355484988	5.67525929357831	6.06496334884227	6.45058274765801	6.84226918739042	6.91884493840983	7.28182503288684	5.30477823745906	4.12153058362805	2.65516865814305	1.88283481421203
1	0.306674393283733	7.00113439922839	7.93824844043471	8.47094738356914	9.28838445260892	9.55911363260575	7.7848260191275	6.58560532933423	5.80564237888531	4.83918986854689	5.20373567128182
1	-0.175898688030251	5.37294622927303	5.67327687225002	6.15425481523984	6.81882988785185	7.56452217930983	7.42457407344417	7.53653041911919	5.95838998984079	5.98729733094684	5.61689942732964
1	0.703997472578891	6.08613805128208	6.71938771166275	7.87079639941722	8.43687262245083	9.15052042594309	7.88942867115169	5.67073710779769	4.29933630359587	3.15973767893607	1.90384185019632
1	-0.442607246676712	6.59558545755705	6.71769605087583	7.50585652672515	7.67696709422766	8.32508248818663	7.71844211971008	6.68471541220945	5.64178640095994	4.50916764919235	2.79249498806994
1	0.496867966980873	5.29090852239204	5.84312245553809	6.58232483636671	7.37419100778852	7.91482008102271	6.17238872034791	4.83475938732847	4.16051119219566	2.99496457301686	1.93672635219699
1	0.601343940747023	7.03619574623502	8.05929282081855	8.91677427585137	9.71519724875536	10.4620652170536	7.94184059306897	6.91641940286304	5.61865119480644	4.25041018284431	3.69367762458966
1	0.365515937146016	6.00255952070622	6.36016783977943	7.20863940281632	7.82370353869606	8.90998936896975	6.61762578014306	5.40797405165293	4.72137338522279	3.19303153738848	1.87393577173885
1	0.408771128785853	6.05349982203654	7.03178912000669	7.91728952113624	8.16001797048093	9.12428245215142	7.16308776951679	5.37398646294677	5.14623290959617	4.45619612942037	4.47566377723727
1	-0.0581161402865176	4.40485251576645	5.17566648886974	5.52077284555953	5.96937862511019	6.34317829790334	6.27654970683546	5.02026683556025	3.32399783986002	2.70835730681552	2.18693342745374
1	-0.553592524919522	6.52735742663184	6.54595789341946	7.29842145367388	8.12321248748101	8.38371286916088	7.79503406426313	6.38069639691989	5.49953519930332	5.02741497880657	4.23334052332811
1	-0.703006993486461	5.68769360707233	6.28170289715936	6.95701958795849	7.11861712383198	7.31086646676543	6.96533651267183	5.3118232088419	5.12798469957383	3.65010306700291	3.10952619314891
1	-1.04598026683461	6.03226116468747	6.43234781191378	6.67751851632389	6.99110669789393	7.40551239283791	7.2219703466752	5.79369367744237	5.30624638910639	4.75023337899356	3.90783307731036
1	-1.21170904581036	5.98911974152076	5.73864965294157	5.50271323732223	6.03598405847591	5.86706976529837	6.78021085172551	4.88921338392804	3.93796051022274	3.30604525441264	1.82227804094658
1	-1.60494623411592	7.38172202165076	7.44427048952103	7.4482127380845	7.96138302356874	7.73248753423858	8.35057878847562	6.49250333807019	5.64375069829968	5.30432512204711	4.25420594532896
1	-0.538801424693003	5.93746620057402	5.9992528672521	6.56821833255618	6.91268637012141	7.22170281765399	7.09476828139658	6.66014772825777	5.36762697196454	4.47424116035102	4.25286085836834
1	-0.183037017437736	7.27615409383525	7.94677701434441	8.53762139694681	8.86260548083444	9.3382445859881	8.21969995880485	7.31088505743624	6.1232595358427	5.05621591140022	3.52752630874266
1	0.574757833446878	5.18966181704963	5.65701721167563	5.73669432973	7.07621556238072	7.54849601245186	5.55737692467834	5.06192313167912	3.85779370376018	3.21150914892348	2.20799847581537
1	0.275886699800502	5.63104375870646	6.24630160641213	6.91254422108852	7.26096891765178	8.16035958983725	7.59767361083247	6.23604434546156	4.84178502340894	4.07202107633359	3.04827710693681
1	-1.21889051715686	6.61567876513979	6.72706887744115	6.75270249169136	6.53700163958638	6.34270063637962	6.33010851531183	4.97971390859587	3.68253959234477	3.02954706569132	2.02836625102098
1	0.00717862584574973	6.51594797611321	7.27451524037041	7.62462645589906	8.35747038346299	8.7893345452703	7.62242207284354	6.49264698858675	5.32837813341975	4.82849767177376	3.9379090493351
1	0.1539014728931	6.33812609778971	7.05896305296376	7.80775475731885	8.00968819234923	8.91448506500542	7.63033516308783	6.79026306759595	5.19082989504561	4.62944020627005	3.20513851112946
1	0.132793466265963	4.79675318226508	5.69566049281703	6.04229534277698	6.68894851329088	6.89103472858741	6.69153440603344	5.11554475953461	3.82180567239157	2.90802390312086	2.26572707525611
1	-0.667400814242585	6.40616466337641	6.40365965980744	6.6690425701236	6.84860278324625	6.94684630875537	6.72340696414321	6.06621908239086	4.58069559634971	4.15690937973182	3.10435379860174
1	-0.682870256306598	6.95336331711142	7.74279876838655	7.95738248247607	8.54556803471866	9.17588354848327	7.6798043153093	6.15635411564113	4.75375090914321	4.15351856138429	3.76760355205696
1	-1.63299181057176	6.09280028298268	6.28945451773608	6.31596076464336	6.0647594240084	5.90896182475912	6.97186627595445	5.57807209956659	4.80482093134299	3.63609576684621	2.80508657542341
1	-0.193301838752424	4.94876729720875	5.09132941104372	6.10842247157569	6.08951114185192	6.84330828716122	7.16828892242544	5.51054587734601	4.68897253413536	3.3237744697789	3.23749615255815
1	2.55731982188018	6.78249577766509	8.76689676087161	10.5576642643824	11.637833669072	13.1696159528346	7.48301671826572	7.4916104445215	6.48615218927746	5.98412912069157	5.96901553107662
1	0.678652814550548	6.8867741475654	7.72276156180114	8.64097936694418	9.40332769409118	9.83570141133458	7.59949177351586	6.42861540301985	5.34861724695329	4.60080509415032	4.48932686637897
1	-2.23104780460372	6.55707420172085	6.42928842574324	6.05006677431	5.75251689181533	5.54917164651309	8.18458692658295	7.30214084584866	5.66227445441762	4.8457815128	5.14605173858518
1	-1.56300762885105	5.11058384801908	5.11300275105379	4.77708405285657	4.85970885520982	4.77047047974227	4.89395662692689	4.1079478014902	2.7043206586371	2.38017287932244	0.550384828354675
1	0.752142963217608	5.55576201853364	6.34898058390255	7.28247366351559	7.8823281114055	8.66880058799872	6.3758324339886	5.97351194195463	4.70234478362424	3.81744503606413	3.56465234354616
1	0.458178592644562	5.60638618882637	6.41084458086275	6.71444557128003	8.20477862678145	8.30592417020874	6.754136514022	4.87669715042789	4.09492432772093	2.50199066594588	1.36126557632626
1	0.312281801845795	4.94403268621534	5.97602672996649	6.65498661491147	7.19826035716767	7.72826933037817	5.52937996859829	5.02272001881805	3.55378439917698	2.93915228297082	1.49140294053905
1	0.730408551435378	5.60126271977003	6.43717982133569	7.28369617967782	7.89760777388299	8.97047405907854	6.88441103691384	5.68197372411734	5.30669846063906	3.45337712226709	3.2815270596558
1	0.282638355809902	5.40313585713826	5.97354681207243	6.90841089601441	7.56208470001091	8.14067865913654	6.88440441997541	4.76618876716292	4.00055535991175	2.75955658289557	2.03402957868933
1	-0.102917328852251	6.02891679431819	6.50760052556467	7.42774147195308	7.38872327317557	8.35037139375185	7.27295242813362	5.90789034924045	5.467816787719	5.12372834612398	4.8356469289614
1	1.6098052967727	5.6564448695937	6.9736344808976	8.20751111679897	9.53575554050657	10.3626377755928	8.72482780951329	7.12012448270454	6.22171005989744	5.37823433561898	5.51219720854356
