0	-0.0968416970787318	6.08806386177173	6.79977438754226	6.93457461768189	7.70816870836032	7.99077513574863	6.3212787638659	4.8176116002328	4.70223143245641	3.61563778929288	2.03906702132017
0	-0.97834128469779	6.11477141476579	7.04308202861025	7.77471686354667	8.47424818963037	9.09215174322891	7.34287325311797	6.86481323737404	5.50820457315263	4.98540663551813	3.98059715977609
0	0.330356796788451	6.70492567777495	7.1213664584197	7.35610366731481	8.14639783994163	8.79576361775741	7.44304406934843	7.02950454794727	5.98169181619714	5.54268132996912	4.13356280316956
0	0.0985985945642901	4.68720350664815	5.18558847647824	5.82404586566613	6.10631544785056	6.65857718756159	5.34400700883053	5.39869664324552	3.95958440242441	2.70674803498615	2.01470699857809
0	-0.628985326559783	7.22706074112187	8.20399559391807	8.77295611646145	9.59211994920885	10.6338166018594	8.11753831333253	8.24668960597964	6.52138684992454	4.69364660882685	3.73829646719518
0	0.0887118599887589	7.01993669151174	7.63523324162984	8.04321307189134	8.53595436091941	9.400990557524	8.53018572276373	8.32770471221889	7.33678665319131	6.5641109248463	5.18004724390393
0	0.638454666174251	5.14674217102394	5.47811275236712	6.22508052381888	6.5302238726093	7.00483595845163	6.57944267643654	6.23318287885628	5.73037498179702	5.72505048057119	4.41481926949021
0	0.394967174675478	7.61102611897219	7.88198096387925	8.33952064557118	8.62891248250235	9.06846719661576	7.61258662460565	7.35936192327235	6.10154559580222	5.24372758485007	4.55478638463178
0	-1.18657343478695	6.3247714852425	6.97952598321959	8.15876190822049	9.38110441752476	10.0252072110886	7.94800818058897	6.73274622255261	5.79161681479378	4.62155061149074	3.51430307482389
0	0.806089900342807	7.36278764127158	7.51399400112301	7.91403898006775	8.33838294666361	8.31328243410595	7.56710404510396	7.08240200062163	6.29699711421531	5.30844157158541	4.80339586399439
0	0.789515843733727	5.02395289931957	5.53870568985541	5.81067201059281	6.2609855430867	6.54528236928852	6.31406898801364	5.58918649892917	4.3527711990983	4.74799384403935	3.62770529274875
0	0.571669079448567	4.85705193176495	5.53349309285593	6.26222975952952	6.48892401754553	6.85097435697631	6.40062956650767	5.50098763056758	4.74024346599754	3.19472037610635	2.34584991144541
0	1.5128896124643	5.47522270659569	5.39879313279472	5.14190645627785	5.23390973578653	5.16246795854712	6.02746839269778	6.1980602399725	5.17336571195009	4.90212634743015	4.40907477002721
0	0.336822107814008	5.98452341666998	6.74948545823534	6.86223783561305	7.29809737082363	8.09718448448881	8.22615129606511	7.28538416094599	5.42732210319785	5.16307688270738	3.74571635716494
0	0.186801073096157	5.90947193803623	6.39765710323893	6.79276812202249	7.49164532418815	7.93375644491375	7.65254066836882	7.44861030519666	6.88489571516687	6.80024500448125	6.03026180367129
0	0.568780382280437	6.01378215371985	6.76207094339568	7.04151651423487	7.07195831841114	6.89533273378695	6.79539673322208	6.08856938263458	6.05514535661298	4.97651234179243	4.75750062038915
0	-0.565715898496583	4.77650403395405	5.15789942563583	5.88054945242065	6.44628670102279	7.22361613878472	4.94306550227321	2.74596175913631	2.2942894512413	0.560058277216326	-1.01629885550717
0	0.335454382366979	5.93004911522704	6.15945804508925	6.8119934690196	7.07367256700668	7.33670161744302	7.64661861045847	7.23579065950939	6.67432922716984	6.03416478836541	5.23363641202803
0	0.0790886117272626	5.37708088704299	5.98292764435393	6.2599096150351	7.07366684413433	7.41555445357187	7.41306724867221	6.90995720096715	5.97952793824045	5.6012862122351	4.32478257724754
0	-0.163975200807879	5.35127336054352	6.03068796549254	6.50258429958659	6.95743844500448	7.54127437939505	5.57626784534914	5.79729065464151	4.28801104816224	3.52779961638206	2.24181125957538
0	1.73428935820151	6.0242491572218	5.87340319901008	5.54793583305674	5.46964411386283	4.9572115309757	5.98074299861903	5.19986835318373	4.68199856788597	3.77275275874716	3.13516209317403
0	0.370596215593249	4.94007805711639	5.27944581658699	5.3467748188137	5.39149969281867	5.80471129380185	6.24539889765793	5.06389732974537	4.59718413207664	3.55154318378211	3.13295217926
0	0.562299974011914	6.10786067734415	6.74968327427789	6.96525252443034	7.36833150214086	7.64613810724826	6.87306709335771	6.55757517185014	5.2993281250226	3.91522212106211	2.4883843355402
0	0.402030860668199	6.54881382100046	7.17687077638977	7.60364774982553	7.8474848631574	8.36414271900674	7.53594647890178	7.34659463619186	7.46424806388892	6.88212918660156	6.80382631553509
0	0.37645751304167	6.28085620911368	6.66699139884651	7.41708748212818	7.70374788113624	8.47822231967852	6.16539482356864	5.75523580295264	5.59014085314502	5.19200231682773	4.12242222432769
0	-1.1291032953656	6.62102263849963	7.63641655637739	8.72208544746308	10.2160807393925	11.1599435577561	6.72727805535751	6.44162912114406	5.27829651403033	4.54902837290885	3.65893317950132
0	-0.236609770634814	5.62806251982793	6.33617262044519	6.87685159222296	7.45319150768046	8.18528547254432	6.38681506282183	6.39052724283287	5.36572913851917	4.17845683166435	2.95423463348873
0	-1.15055047279725	5.71127745941615	6.7155642681605	7.53180556601089	8.94611906230164	9.39079884611688	6.91375868742001	6.11909583101959	4.78720988432987	3.1601875412811	2.21097599842691
0	-0.0848696103237377	4.59784373899876	5.24593263710276	5.3835298315404	6.29526366465578	6.77510975259066	6.6724358625975	5.90959409744457	4.81678786459059	3.81563423460282	3.1974038592361
0	0.157943262211885	6.76694330985375	7.3051888079106	7.91763385640782	8.27459481019246	8.90093520995318	8.74446152536301	8.57301760716762	7.9661492097552	8.02864672504703	7.06693608727636
0	0.209279841066895	5.8104923312268	6.34408248057805	6.9258619076812	7.41295290490141	7.77396809468237	7.54553331840864	7.24889952787516	5.9281851038279	6.34686123721135	4.87211827556027
0	-0.368527588001075	5.25498892624526	6.58269246503542	7.09443568146161	7.59905205210627	8.13286999043553	6.42951569074745	5.89131536199658	5.30167794007848	3.96498900582861	2.14049992588833
0	0.227817152896418	6.48954027683615	7.37070112083037	7.87549633929512	8.09097711306892	8.39649207262974	8.13418666565936	8.09495460146132	7.15016846357192	7.4140361920058	6.75072144749126
0	-0.737317059695553	6.24695963566216	7.47201084142775	7.53968119641137	8.38054362378882	9.10127027443349	7.37428721223291	6.20887007275728	5.09347647506028	4.6845012792652	2.93622655461878
0	-0.471289078086789	4.99637398301239	5.50077216588199	6.37212469218832	7.15385863172347	7.29521313118906	6.53904038630284	5.63121320302452	4.85605477997738	3.86686339093631	3.02151763351515
0	-0.80563268046627	5.11727346402129	5.94143890233662	6.95183016800487	7.43779227732432	8.11429990707334	5.34050559627097	5.03954092720958	4.0794826300148	2.0161970691652	1.73925792310924
0	-0.102766037622107	6.69209686500903	7.20689749795594	8.371499588824	8.99745685247117	9.77629987918726	6.90827047536862	6.43970240239287	6.14166361151817	5.38201513894836	4.1928183297252
0	-0.37457207726728	5.54266344855609	6.24657729613593	6.90913915284726	7.26765015198196	8.16389685611001	6.85023042821939	6.34942778819328	5.97672780829705	4.25198914455241	3.96327701843498
0	1.06335433982733	5.73043749850596	6.20123466793626	6.19756986146792	6.30917590418962	6.45473415479658	7.14906221280936	7.92733131450512	6.39392258697058	6.00353980107159	5.69687021529296
0	-0.142788087211646	6.49913861920915	7.10334802492167	7.5542384996406	8.24352544636237	8.88643576906395	6.67665339232231	6.50630690251854	6.01547433178835	4.37371581225948	3.77416515692083
0	-0.789558749430084	5.47884071480726	6.45340171345067	7.29357483256585	8.40266286296085	8.89411038562207	6.34726227880621	6.0551961931412	5.24348246056259	3.28566984027873	2.11462851884382
0	-0.661983863919198	5.99505773160519	6.97528663091571	7.50836535154005	8.0365154051481	9.33000428904852	8.20016585818072	6.29059478483588	5.3069452811462	4.48370822812095	3.03273307236739
0	-0.346882416429289	6.6401878209508	7.72328586943332	8.25795094719195	8.93907801651402	9.48086190327039	6.33585572450276	6.02017085140269	4.4744707097901	3.67179774508172	1.58181858172751
0	-1.40540866709314	6.8219949283291	7.63079512110455	8.9827759898045	9.88914673786556	10.9180490907607	7.94316146823099	7.12349106953482	5.74781280848978	4.74512791627654	2.56563986135141
0	0.0914863008578455	5.72806688481852	6.48984526951349	6.49232769346032	6.66736810736068	7.15561690693415	7.02278528614233	6.03490393324194	5.50031404093795	4.52928208720388	3.63456805515392
0	2.40512098286183	5.82452177425293	5.86584456587794	5.7126143932242	5.57342937399385	5.66814234012001	6.30828333646806	6.43987682703147	6.16971337160539	6.33827383625566	5.3820903249492
0	-1.39224144037909	6.27767119467205	7.4172516798296	8.6821045634103	9.65755089261255	10.4415801162731	7.15821404991928	6.63533390127735	6.19246852747142	4.60682265115943	3.52717346132741
0	0.87302817157234	8.28547340818856	8.58064591231241	8.46113035492129	9.2185716056081	9.12984121556065	8.65535042561447	7.63958733887672	7.59967628044683	7.58702334458652	6.55233369927146
0	0.489834367693058	6.39033846473456	6.86448308674956	7.4944770115494	7.18761484980284	8.25568363492723	7.8703807508683	6.91207544140063	7.18522932189788	5.46052141269324	4.78984960576335
0	-1.41352688820467	6.29117565048607	7.70317977140539	8.67924465578109	9.85529080157587	11.1546342018636	6.30322678741051	5.76365835701971	4.60871722152017	4.05003143453067	3.02382588950305
0	0.530226259931106	5.35137019536322	5.67998304001738	6.18166348125299	6.65553345059213	6.8719050692219	7.09718714574985	6.38152287822734	5.12122753659345	5.03440540688498	3.72423218112507
0	0.357280820550587	5.27199902931772	5.28959462696209	6.1155626554779	6.17572795479956	6.62612850435153	5.92492366872325	5.61985479302891	4.67627272591259	3.75202330067419	1.96660276342348
0	-0.81515216501746	5.25804029839957	6.4536733622092	7.0318808074066	7.88178823100206	8.9748550459826	6.5013618282875	5.72056710074653	6.10781379489447	4.61577655820934	4.11641975913517
0	-0.524574441843925	5.88522316190707	6.91052696472768	7.6039411159555	8.21083251022065	8.94747379626763	7.11225984776012	6.10190418728832	4.94342474204954	4.03636276982452	2.79749610359454
0	0.606629762373497	6.41546394160763	6.64446656319791	6.50023061714317	6.90086676435454	7.49756478559818	7.12614273863815	6.7694426862618	6.09185580253058	5.51988191421772	3.99458938065443
0	-2.12996584283645	5.91439116335571	7.20155741372587	8.42805072634514	9.82269004774937	10.9781163617417	6.74373821301669	5.65830459433951	4.7060832766816	2.8481512340715	1.55951055591714
0	1.02593346983777	6.20344784725049	6.30570919699752	6.62317172603991	6.73953196582035	6.69335752334023	8.18436348810543	7.7401935858848	7.31346809791755	7.13387532845909	6.34732764104955
0	0.760906459248561	5.68174470825008	6.06364954959963	6.26540501116518	6.71270381793805	7.47835211240062	8.25529357271017	7.87167291062496	7.70442843316793	7.02067479212194	5.97874875820228
0	-1.41215990877284	7.01411013842812	8.47540232493217	9.22057065191294	10.3813267024995	11.6504607872638	7.45983067002557	6.49054086192269	6.14335739135739	5.00255791265104	4.47253044925903
0	-0.615422968729169	6.27494850738063	7.29721124616353	7.98688600102875	8.55125198838092	9.25285735869522	6.29726259524077	6.03913987070524	5.58956008036827	4.64257650631991	2.63415080750876
0	0.410282928527118	6.40325791527188	7.40379846434345	7.44840541238001	8.00134492358331	8.57553339190542	6.50691545244948	6.98059887511908	5.50689591595031	4.83704110800437	3.95528922658329
0	0.525330145929247	6.05160952603511	6.11389066841876	7.04940736044246	7.19664205616049	7.86322395250236	7.84551278500912	7.25221497616305	7.27007906731378	7.52762093450104	6.43471356475735
0	-1.17906507619128	6.88026901845411	8.16420629266604	9.00045879973723	10.2457176968743	11.2862622637697	6.98278937673655	7.3086486831185	5.55724387217672	3.87033409042115	3.59433598951411
0	0.447993644689224	5.74544657136549	6.41963274968277	7.02837018399899	7.57522688380847	7.82083692247551	6.15297395904359	6.11505357493944	5.46381012846067	4.45156392600273	3.15216286108723
0	-2.39566795541766	6.13792882088049	7.83013636651299	9.32233566402458	10.6645574622714	11.6796190310785	6.3727751675593	6.36850883758482	5.30096941545919	4.91219037430012	2.33310447444166
0	2.2547370241915	7.92495919376835	7.83016650755119	7.51086473718988	6.91659869005412	6.87849554308967	7.15891713093412	7.54334052013832	6.67542429821405	6.59340302633819	6.77159598732767
0	0.676073309211744	6.28574970390217	6.65754474209821	7.3501629503606	7.65964998903122	8.01330253964398	7.02476179726835	7.10963276207522	5.96434248572148	5.76852483979183	3.83009856699798
0	-0.986802402662619	6.11414518194685	6.73569542742531	7.52497271703132	8.33548674900696	9.37543322476695	6.06943400949509	6.10088536806911	4.9909795257864	3.85448280766041	2.48910016311745
0	1.37934946934814	5.53797024274943	5.40959599872773	5.67322505746683	5.62602222186268	5.58302619409228	5.98590327675189	6.03179541124496	4.667906668893	4.71485106784372	3.89588044084444
0	-0.226145660063921	5.88083898007372	6.38393977737492	7.45365898715372	8.02024952817608	8.36459818945834	7.37140729308039	6.03931816693118	5.63807902563266	4.52766815638562	4.61750876971572
0	0.857878980488465	4.93723495509901	5.18092913894579	5.40032410790346	5.83217807742363	5.76970364318568	6.49940443179545	6.25830748981434	5.09513964286346	4.46676255069503	3.29156987223008
0	0.151317385220362	5.84728487244616	6.24275082221932	6.96259152988613	7.53290962311272	8.13180751308619	6.79413379267325	5.78751304657529	6.25609425980238	5.24763309453195	4.69479515631889
0	0.764143766118844	6.59761960224999	6.75453045307316	6.87137981174742	7.24880758617855	7.39322756954142	6.37696100500892	7.45991450742752	6.90099489358892	6.17007257335919	5.79648860619863
0	1.73749675945861	7.10147610093377	7.14890086272298	7.38485113253727	7.08522552319299	7.33038690363573	8.21214916782349	7.79645753724415	7.21288891589734	7.25341755118709	7.41223271592501
0	0.899909837213877	5.80165900624096	6.40383538473512	6.40495264310787	6.51177497384636	6.91280108484812	7.71673262155522	7.03637936095949	6.1289330434917	5.31802933744948	4.55354127067516
0	0.590891886644061	5.84946860046716	6.24145657729608	6.07986171133329	6.46128056846353	6.9434571718832	6.81015864790655	5.7202115443523	5.49699969877544	5.70322828722307	4.42843034777493
0	0.196902305972043	6.82582667660906	7.18915195900133	7.34944382805352	8.05578726297788	8.31202471548885	7.47998768218699	6.95412290393687	7.3903586144357	6.07658736735614	6.58773885768046
0	-0.352285659882523	6.36966739250259	7.38808298759433	8.09492337898141	9.07153721653893	9.60579241103354	7.84485964890528	7.228646610599	6.84015045748126	5.81139915915946	5.44258201658575
0	-0.999210512543629	6.08146305801234	6.75674464042735	7.79932532108703	8.5950688131914	9.65844621099243	7.3720587301395	6.65932874676845	5.62271810924021	4.34455794988178	3.16851332906867
0	1.38495124705735	5.9609012801802	5.92454360181835	6.34796528483201	6.34365731608247	6.38427324595053	7.33731561125937	7.29217789319928	6.98437055338267	6.73229396974735	6.09384737985101
0	1.25325493105969	6.52097972936715	6.96704648156573	6.88341272980108	6.84825255846727	6.95797181581843	6.55158126579147	5.72141033429287	5.51671401247759	4.46734792591993	3.64172767448249
0	-0.219763752237121	5.68287932881936	6.33285554809743	6.98809631320163	7.26823068150841	8.14411657175682	7.10822328367465	6.9802203253497	6.92556589909214	6.44224473060125	5.20191113811733
0	-1.75279741973855	5.69069946093428	6.82275947693441	7.52378300982696	8.78990099971136	9.58647430983526	6.09319021329426	5.34235491730793	3.70160392661698	2.02580076850373	0.279877064427255
0	0.380737333058018	6.13327377161394	6.14774881670417	6.74475721046978	7.17024478744796	7.57230633844706	6.79171945379605	5.78413652361727	5.79150303028494	4.41725980267623	3.33349288697945
0	0.290812339363499	5.38904613839973	6.07523302198808	6.40401906775827	6.89382021950682	7.05203601510995	7.28862374714205	7.36764366700466	6.72113012257008	5.19736425924436	5.03876638134544
0	-1.04629591995645	5.58367378765924	7.04496922786849	7.91513780693918	9.15554478986225	10.3494130366053	6.46095494545087	6.23904871505031	5.06852404457091	3.88252884654395	2.54018559561727
0	0.18310715840979	6.25252201473923	6.81510289347173	7.22275078890694	7.65802688584846	8.26938270507404	8.08923159839689	7.43541929005703	6.76632147895598	6.03956089926135	5.03438421214847
0	0.0204639943598104	6.04963464197623	7.26701664088655	7.58430190081234	8.11324292091325	8.70573704880592	6.65748153011731	6.85974427703053	5.80032955527739	6.04512275554202	5.09845056537272
0	-0.761717693294982	5.10881009122462	6.26381025847155	7.00165289620094	7.7389415307992	8.76899314305682	6.55009099420928	6.51923904949265	5.50492174962375	4.75569144572398	3.27058807312675
0	1.02608567803524	7.30807619644148	7.61957282461245	8.0663410553705	7.88105141717647	8.43944299147038	6.83014535236109	6.86822928112133	6.14575010983751	6.11919845177339	5.08776311243808
0	-1.99355457467892	6.20357364314795	7.54216424019011	8.77696954582263	9.67813540184385	10.9732965402379	6.83563045854489	6.75857138332642	5.66823790107859	3.72200172679124	2.12642518570033
0	-0.0981708792440534	6.5262523930614	7.20241704241792	7.61182337354266	8.31439318393154	8.81214526917858	5.78232125207836	5.24849063206138	3.8378880930283	2.12488142538471	0.964493388064084
0	-1.59586952094015	4.50310138200219	5.12713846238587	6.95873022017429	7.93039626177795	9.03473342354136	6.07109758456916	5.65004426998689	4.17804843966276	2.80720669971831	0.923329076555822
0	2.20655766809899	6.31504049976186	6.38458896933944	6.18191842779604	6.18903271601945	5.74361955132124	7.04464958562641	6.22657028822707	6.01386215885399	4.52551907181305	3.66615437066555
0	-1.13644907214731	5.15357762366469	6.07918822359066	6.8518802525684	7.80566261179432	8.40953589109936	6.80717993716559	6.0762276263512	4.63800772315456	3.47990294556919	2.12424164504807
0	0.543703035603303	6.23959247945801	7.09617925907984	7.45994158933406	7.94997580649783	8.49856453992746	7.02179788225076	6.31044463024584	6.30486731471765	5.33856826989908	3.90127834701731
0	-0.902665232357614	6.3771600450388	7.44517237044653	8.40813963395787	9.61241258629376	10.4111670447601	8.28707813246942	7.15936781270564	6.70621246064176	5.94160292048953	4.79849111337761
0	-0.690486299626151	6.96071026501899	8.06190283694008	8.50284366528053	9.6829844883954	10.1532902688572	7.96757906194302	6.69755113010286	6.79035832846714	6.06418682912298	4.36001615403481
0	-1.87068416968041	5.3620546866684	6.70254001840158	7.89986977110144	9.26275950331153	10.3487384024551	7.32006215872484	6.24837267521868	5.49141035245657	4.89945491636724	2.49325682174364
0	-0.680170595445596	6.60100294174666	7.39988227581079	8.56696331388133	8.96101341955109	10.1596464161227	7.45658977400071	7.36106273326164	5.91345993570476	5.86261922993417	4.20416605444052
0	-0.095072085033791	6.29197143070533	6.81510352464375	7.35370873843063	7.7858561453251	8.67772852484885	6.92398878060148	5.95025651373972	6.06502345543111	4.44813984597965	4.18306868567653
0	1.73434688976561	5.78898306441501	5.7061958940613	5.75978783977124	5.42591176928626	5.37648363230332	7.41432761827337	6.2759618208627	6.22427058480457	5.87939495233661	5.39399924755701
0	2.30349004642802	6.35006759811821	6.38078793429505	5.60750667585497	5.41167682126654	4.97636631373185	7.07274747530573	6.8562947457479	6.45253469731791	4.90819740139133	4.04897910661476
0	-1.11737038393198	5.1204989741425	6.06346925313685	6.77850543804574	7.93322178700494	8.83339783686731	6.48691901328845	5.61303256391994	4.42467729894486	3.85374361752756	2.96675287878347
0	1.70364148480772	6.13239988224492	6.32902014918498	6.07254571486944	6.40259585030044	6.3487951942081	6.79630378492254	6.62130942790408	6.33028295061561	6.75889376163637	6.78061495393103
0	-0.368877198586349	5.58569355320148	6.52497195825163	7.29737594064582	7.73281121948858	8.66605471802384	6.7082936275507	6.38557480387142	4.75469677496266	5.12805846208279	3.66416305249989
0	0.855248620161672	5.66536900536856	5.89973008213322	5.94525166531327	6.11555789221411	6.52292453045621	5.88033929776764	4.53156285007411	4.42901311303385	3.54154755773344	2.69043143299686
0	-0.74774196881256	6.39706201309766	7.27206632212683	8.48744617268365	9.88650677087314	10.899561047125	8.72584215298417	7.240723743642	6.34671748082209	5.73979726058358	5.08667370017452
0	-1.05020332077319	6.15620149265857	7.37688439217883	8.24761945014345	9.33524061040348	10.0342989769933	7.68328490258632	7.18495301076848	5.84962737415605	5.09632245910749	4.24375421095807
0	0.0299800744896774	4.9900039422262	5.28024431274096	5.58331076360711	6.1519726485804	6.37215949308288	6.23184910257215	5.19648819956289	4.37739401525338	2.87366210119844	1.05323078966774
0	0.26672899545355	6.57614421974334	7.20991000723839	7.69631215773542	8.36291465609508	8.54929085541827	7.6830179093339	7.89207818211187	7.12907377266972	6.89557380954287	6.16266579568426
0	0.975320060512044	5.44615959875792	5.82155266109018	6.19870912663305	6.50066124225065	6.56827502033933	6.98169543018296	6.4573254045496	5.46615259454037	5.11184442560851	4.65488709303548
0	0.402562715279956	4.9603416216789	4.88452077928827	5.93752973526306	6.27354361693428	6.79631765919407	7.31918105491461	6.71202136551421	5.40818365663155	4.29727172927511	3.67406809768694
0	-1.21601517934764	5.26408346459968	6.66762015995974	7.3789304586142	7.96386173888046	9.13600979682392	5.99593626431695	5.36409944959272	4.33687691971519	3.0926483232834	1.5182555206281
0	1.8120006499186	6.08911230238394	5.76186241643058	5.53123884384453	5.27409732032221	5.34261047727853	7.02549439821419	6.58737002100081	5.88692752494282	5.04666269866172	5.02921328572991
0	-0.235831114439517	4.17251607902313	5.09919707701187	5.29035276290505	6.2504901602229	6.48830752706786	6.23977394642249	5.58082637042057	4.45522739804161	3.48704653522394	2.12635623726848
0	-0.0610472947809495	5.79248337674657	6.31873981401285	7.27306450413548	7.63420693973228	8.40854413330332	6.49300498040253	6.02844499412546	5.70624674978016	4.3783661118157	3.45685981837591
0	-0.793449799910641	6.58576185711699	7.51824069197017	8.30181663118896	9.11325743827471	9.64861264576409	8.58240970780743	7.7045525474598	6.34880011934367	6.323723474488	5.52316712569574
0	1.19950939533568	6.54697930418148	6.98690776008066	6.68199949016403	6.60385119334181	6.78499388747816	6.31737490734127	6.28679926463906	5.32339655923197	5.38848141284007	4.96803876715066
0	1.54070199389134	6.0059997689051	5.91287632182056	5.93807355682711	5.76473640550539	5.84172536254493	7.36114371125734	6.76238573224068	6.25913108600669	5.31051080723792	5.0823302362185
0	1.49279529276321	6.47180799807586	6.48207120749507	6.41099373076122	6.70996074686419	7.04848079181902	6.27642654947941	6.72252866416613	6.04815526542735	5.74607021647095	5.94201725093446
0	1.70642539180409	6.38069069527357	6.36235168019999	5.96556199264918	6.08186680315106	5.92276537920157	6.59485456735213	6.18675085572075	5.04568548030434	4.82070041438446	3.96664516244232
0	0.392845838027343	6.23556574638166	6.92938762949541	7.49740339016102	7.78788205348441	8.31043724905387	7.73255123412175	6.83068236449806	6.85087938564608	6.31249177082088	5.24154414560431
0	1.77361642689052	3.84211024965072	3.7239115693338	3.67334070730077	3.10048699094153	3.10260945199696	5.37498986408381	5.38696055067849	4.78766164492561	4.07287137725023	3.08697927046233
0	-1.84251386152173	5.87053880500545	7.07615036553768	8.22585557945114	8.92780971161863	10.2039625941179	6.07875513540746	5.62665017751252	3.39698397620687	2.48470601250243	0.966375847347433
0	-0.536832699454665	4.86829804586877	6.06854045884919	6.38284993994778	7.12405272429689	7.68947399767673	6.13453379282143	4.84008944322215	4.41122775386555	3.67751248989518	2.10192072933632
0	1.03811545249497	5.93822152788671	5.86105602260254	5.97836711303188	6.13120692126705	6.2316325921361	6.57482699298836	5.81818114988528	4.85019210534366	5.23067161869356	4.00943049931249
0	-0.204998686101049	6.41507367017986	7.01545855332195	8.04926009641229	8.47096000310188	8.94713252291008	6.8922677902643	7.11066564124887	5.80817247218926	5.30451701122079	3.35795441050621
0	-0.856418995691391	4.39461588490768	5.06130600645818	6.05863787277324	7.00221359774224	8.19739353289965	6.56385648051849	5.27482101250959	5.01888909564944	3.54850792084536	1.38670879445603
0	-0.255383559184721	5.81901577069371	6.4815163394041	6.8548100372067	7.89237259029822	8.29595341438238	6.25196419837188	5.56498570401675	4.97672070118869	4.25622261810043	2.47896363323357
0	0.497727712042955	4.93184181752121	5.19380912220149	5.49653324780344	5.97496279413545	6.47246707913635	5.05340487082582	5.09883509913052	3.54536906736302	2.84543505395969	2.20865353813926
0	-0.713377107153167	5.94036806444398	6.66839448233536	8.00173945510415	8.614329446649	9.70353942519217	7.7054855847424	6.81535183388286	6.2551256884776	5.26089598182761	4.33150575141333
0	0.763982046636555	7.1268524447384	7.07579296543932	7.2391358177682	7.2556883214878	7.48144362930489	6.78013614133568	5.6658546033722	5.43311138320334	4.00706113259138	2.72200069419445
0	0.54945106550718	5.2967923790294	5.576916045585	5.69406551264581	5.98568448879541	6.35412247137178	7.09401899818116	6.9911252421811	6.25246364739534	5.97737654871923	4.84305995485215
0	0.741117710347109	5.63458229175194	6.30796324998286	6.53815979399219	6.89459985045101	7.25273103455019	7.19086473691349	7.47141411261452	8.16972359898216	6.78912902197272	6.72672056608177
0	1.15745215531261	6.59811950748941	6.3133070201384	6.26628897900415	6.81309584035452	6.83818246523372	7.05285747687503	7.68420769560015	6.44619811134733	5.5362746334577	5.34248621671648
0	-0.560505819216678	6.20853012853829	6.69279066944657	7.75633277497838	8.54270425617534	9.26201095039776	8.05651760870717	7.32152610606195	6.73864909413686	6.18272358238759	5.36362467144605
0	-0.910767771211318	5.45050356908226	5.85170020331098	6.38555194191313	7.500477557277	8.112044387879	5.60476316291118	4.51054935683303	2.91972670006189	1.95367247615249	-0.242931467130581
0	0.845160603685629	5.40196248354754	5.70210581739367	5.72908270211343	5.94925962110175	6.19076490327187	7.12375741266353	6.93490966070074	6.1137425978607	6.09519363331867	5.13664499301405
0	0.727208095247267	5.88837982947651	6.11545249526885	5.94893885097663	6.35758440929618	6.58508669795888	6.14939039861453	5.17495356187992	5.02629157932914	3.32420321926384	3.14462890077656
0	1.19622429024444	6.3346657850157	6.09009396765852	6.3546021324153	6.19396158888511	6.12842151308883	7.09455889424056	6.27356443624421	5.67850321060766	4.72263853203434	4.50656678877256
0	-0.743233473510708	6.09951624886329	6.88292189612112	7.77551490572189	8.60619921237695	9.22824799420484	6.8048226952038	5.91689389774279	4.86795043434702	3.96744995698997	3.10163410663029
0	-0.376294807372473	6.42428937722049	7.45248300219039	8.18939985339155	9.1244771184291	9.47402905695705	6.69228494951314	6.6718886785956	4.98397924388582	3.72655536974174	2.51605228885898
0	0.489418791031695	6.29811862272025	6.63129393539425	7.09798490272151	7.5693578619559	8.32963358425031	8.22041999571878	7.90525921380188	7.98209389736655	8.34237685840525	7.83811408284337
0	0.0754291642618248	6.36205128486552	6.91527769363159	7.82642639987308	7.91138805891139	8.73121446620457	8.43216977046166	7.97965536591714	7.49431942626032	7.09663664458265	6.90048529970622
0	-0.412956431596403	5.50181379990681	5.95622954421194	6.85610406602345	7.49080612220492	8.31100366743492	5.40540436791872	5.57001393856449	4.67815837327112	3.04025442027851	1.63530081355897
0	1.09517608856777	6.48586215134239	7.04414096361713	7.20288544940759	7.00142744681053	7.53315963737972	6.77888467477141	6.67570090554322	5.91717001469064	4.95997238960621	4.20056186943947
0	-0.489621112785339	6.77301589482575	7.38098713579182	8.32521081215948	9.07201974081059	9.5600197874418	6.88324249996603	6.00177430923252	4.67227098772918	4.6961025727501	3.04305549934511
0	-0.270998011396041	4.49651836791385	4.93565808180924	5.75940944778959	6.3152356609089	7.05860483259151	6.31614087748298	5.2413134033861	4.54112964671166	3.7567825617255	2.53079876843852
0	-1.33215235194289	5.50347425774978	6.37192901357363	7.39511669414965	8.61655427589753	9.62970510190961	5.43383667804437	4.92634098895249	3.86409980891975	2.73781701431824	0.978666820079027
0	-0.275638028962882	6.56599907529329	7.05168864066202	7.98306152104544	8.63089177582179	8.9643835618145	6.88005745884992	6.24500208160724	5.96688411640419	4.90517138668617	4.58903400628743
0	0.502830936993974	5.59770894898484	5.82312815344639	6.58079725892016	6.95546989683189	7.15989419140694	6.99229732945632	6.80587804985543	5.66683800603023	5.14766042412075	3.75482558123071
0	0.0202397431960402	6.28211497694003	6.94323987545571	7.61747810481759	8.45793720472343	8.94239674407003	7.26074377437267	7.67071570725716	6.97719845118337	6.8102751909492	6.11200930053717
0	0.831611332850337	7.57577417456078	7.87169266380884	8.02952215506112	8.45600131874938	8.77157522265879	8.10882100740019	8.50289429111167	8.01443684265074	7.93568134421454	7.71118491002443
0	-0.200982681749292	6.13948010871928	6.72251717024748	7.33080032499119	7.51611413346487	7.97633455846378	6.75047340477634	5.57203527598272	4.16143067463566	3.47475767117799	2.39563833166071
0	0.682497343338897	6.49214053269584	6.45074488260464	6.97596604640939	6.83364663906773	7.68791835557932	5.9029633505911	5.92438194620298	4.5359080835955	3.54401414985384	2.15922022231246
0	0.763761321888139	6.52263101429539	6.7263707483082	7.17343182948343	7.40579878864856	8.00160650696088	6.93061499317988	6.64572495421962	5.72589561903397	5.66285623823438	5.08011192889284
0	-0.994266264936444	6.76633860139946	7.98653236328998	8.9660907635091	9.87794794292982	10.8110906150382	8.17560749387064	7.13965568495051	6.78134842018434	5.2667365661837	4.0352350751454
0	0.605877875981492	6.42097432380312	6.62057398005106	7.24706432614775	7.80654073939876	8.05708105272508	7.83285988450312	7.10302433173765	7.42426189462254	7.50714804200826	6.60308052222294
0	0.986047188633612	6.15848092064863	6.62982409123918	6.26528400937016	6.82378228842501	6.96682684013488	7.12606002935083	6.02336294622799	5.26060925885425	4.60911329899254	3.57044493030462
0	0.0859594684268782	5.88329172166495	6.34652544273897	6.82396661837699	7.48227701580891	7.81993621547783	6.27973708651892	5.72692537640382	4.29217491892713	3.59694250749001	2.14972883573143
0	0.425894478070662	6.9541878074795	7.84919733405917	8.63981752303497	9.47773597729336	9.92459237867524	7.47476632101653	8.08940250882508	7.04354571806664	6.01780803700751	5.00852415029145
0	-2.16656826559983	6.66958052911587	8.2757254344411	9.63373018969495	11.5145973602853	12.6685803857332	6.97373766759163	5.96181832299449	5.70424715462891	3.85065336194056	2.27929780124673
0	0.1705296080506	6.78253610631805	7.62734293695406	7.71841173683036	8.02171117139064	8.3036861317499	7.20739077596191	4.7969192351279	4.06738420851783	3.47542462880273	1.9768030428932
0	0.333563957630648	6.6393710581243	7.33514290393382	7.68964704533838	8.08373761281488	8.24954438872818	7.76031337404123	6.75161939100501	5.72712464830507	5.43185020468765	4.32898808388815
0	-0.337205406081513	6.34491678441378	7.04260369360207	7.77125901420567	8.62306528533258	8.9834839167375	7.68508793262854	7.08961891766335	6.80682289097091	6.01796731538382	4.89673575339641
0	-0.273644076165835	6.07281733681446	6.85324510088913	7.49312817707905	8.22164910776434	8.93367078987431	7.42399883628141	7.45861476042263	6.55692692767432	5.67640630079488	4.73890278902029
0	-0.106996373737878	4.31628574840968	4.84675650501866	5.67657359341388	6.30034788936129	6.87427168855171	6.37636388527857	4.98967029093374	3.71206964455992	3.3440819136269	2.33945379538818
0	0.307214619890608	5.37561357361244	6.29292314526589	6.10857606305384	6.9234703291558	7.27451024822231	6.29727982532958	5.86236069158262	4.81322612759523	3.80331361860529	2.89181221769256
0	0.241518142260475	6.59645733265032	7.27342341300114	7.68073350933319	8.18222609716342	8.70459096339699	6.48435684023579	5.83154709315134	4.70814575217731	4.12022600198177	2.63556633393661
0	0.0145365638584022	6.37379696518414	6.86062188814067	7.58924163096017	7.97431159428625	8.55107920584859	6.99591827463131	6.77161116941598	6.11094248736663	4.73655690498869	4.21540948239656
0	0.454748751511955	6.54505715832929	7.00093027055976	7.66568895494313	7.84528374916139	8.20526692784921	7.75739460230795	7.7581772228884	7.77288037564869	6.67068718481401	6.74657973016505
0	0.0818547296883448	5.46661842453995	5.8283367793221	6.48769236071951	6.97623138612126	7.50020672005068	7.46628340450693	6.58823464284628	5.45905444105393	4.40924208100907	3.24535060276946
0	-0.16154937374646	5.73117521334154	6.67949786727941	7.04125873788658	7.39577515818513	7.918114539968	6.72513194450546	6.06869816716929	5.34707058151745	5.21085548674078	4.33635704297573
0	-1.43310983965351	6.39284665467079	7.28456817103296	8.91887353312111	10.0236161210404	11.1703768844801	6.00781599193017	5.3161843291407	4.02688231396267	2.57041063259671	0.650698162956129
0	-1.95439554047112	3.68079626445193	4.77407076416654	6.20465626731091	7.21318249887536	8.6148532066887	4.83125405742504	4.24966757401917	2.47506916078365	1.17840196270997	-0.616690286978473
0	1.64242110473824	5.2940880746832	5.84494672860912	5.55316610897135	5.12358047534823	5.21964554719853	6.71635660459193	7.11323823674464	5.7934018625131	4.74061551099756	4.21455913815882
0	-1.06906155366269	6.67663624681292	7.62442622732976	8.71460166754282	9.59380807726552	10.1796654873438	7.04909770115816	6.71293186099853	4.81232815774601	3.57041855520565	2.35735022322342
0	0.441090422322316	7.23577070698563	7.77624217488868	8.16487478396387	8.56140191126636	9.42303035052321	7.52571917826585	7.52501777240521	6.79786449287834	6.48838077576039	4.7982449763424
0	-0.464542510206632	4.45354285580618	5.02477807974179	5.80419164559306	6.3517149333417	7.11426868381494	6.47468838543624	5.86502073650503	3.97681628204191	3.46916053670567	1.13295822642677
0	-0.894762073523058	5.76182241250359	6.56811929976037	7.46673236156024	8.28968539312866	9.00252336804687	6.832477393956	6.32053706127867	5.67235896321597	4.86097635808466	3.30294523296916
0	-1.18777401223505	6.37025886832876	7.58786596785827	8.23025167989633	9.31319232781906	9.89275990179911	7.53791534818031	7.18399244249449	6.10333734981609	5.84402522538396	5.1960727765404
0	-0.491063592384101	6.31167596869178	7.1272009554984	7.64200043430866	8.25987797016761	9.26369767831975	6.77888848236789	6.91953114008523	5.16874551138313	4.45707305761974	2.21162839068817
0	0.771010548920046	5.65792195391136	6.22935904872913	6.75149937788716	6.70325459440568	7.41661413688833	6.42567806456932	6.19889344111165	5.50212369815558	4.93050939484989	3.98050755979401
0	0.839240395954619	6.02259720968957	6.11434048038922	6.68249050720567	6.51868586369595	6.97785943447758	5.71649913165782	5.01339711870199	4.34856804067331	4.21065653050453	3.60952308179695
0	0.0492336591202557	6.21242780957679	6.6624174508272	7.54096800484796	8.41956200351288	8.55201206757683	6.20515004031094	5.49484690283458	4.61723623075795	2.80048973505934	1.47089739359318
0	2.22569097067053	6.90510815769586	6.37014392212827	6.53674694939955	6.32053461466699	6.02108695382936	7.09402353595864	7.13123918678948	6.80464933915904	6.42492089026214	6.63804600542212
0	-0.452124118530222	6.50725009833577	6.95699804299726	7.74935866688001	8.33086428750695	8.8416637772906	6.61786214597601	5.64146002048043	4.67113070247336	3.42764416912994	1.30154468625102
0	0.592216961426026	6.72536359147509	7.26314158203806	7.60531177753432	8.09580485859837	8.70825689673711	7.66354470131773	8.21798309548914	7.04953344091522	6.1863043012821	5.73859179757723
0	0.690945249395304	6.76766121099627	6.90997989290525	7.33156830849623	7.32221196763297	7.93416187377427	6.2652517028552	5.49008341530529	4.82354929087474	3.86394799507223	2.93966041838385
0	-0.814108602022536	6.49930542855049	7.55030068725136	8.3208634843818	9.19199153199135	9.95344405922132	7.91133779246287	7.13402239896116	5.98047438205198	5.39327647241865	3.82753004110356
0	-0.993081538281682	5.3093151972856	6.19035383610695	6.8869199171186	8.02263264449756	8.75614778394921	6.95190473155841	6.96091131903753	6.61106511842566	5.60488208273469	4.50318732029595
0	1.0255129690024	6.21180996991799	6.87822619220569	7.41533431263361	7.57486487200141	8.24041369614205	7.85007049731516	8.12634463777702	8.62884678841412	8.02789199176614	7.9106284391246
0	-0.425738718430911	6.28994758864212	7.02057697704239	7.91681178505024	8.29994798845202	9.28042888206488	5.7547493816421	5.88506043261456	4.97825054356579	3.7909799621445	3.07056825551248
0	-0.267452365575568	5.76024698026005	6.57773893106542	7.28871804775603	7.48393455988681	8.70764847125603	6.61545479917213	6.13525444055658	5.15575029848476	3.68051353090433	2.61148158926417
0	-1.30043394483676	5.91557461122475	6.80890297748762	8.05058529321605	8.8637994917541	9.849006270339	7.95082548879596	7.88272500766005	7.02345327007689	6.60153528680915	5.09660093553598
0	-0.958240880153704	5.48439672881239	6.36325334460235	7.49654464230671	8.07171343114482	8.94013468617746	7.24769891110392	6.80665668609592	5.95596934340124	4.73521994492794	3.72422513974616
0	0.55726200669961	5.04475992559736	5.39496588625381	5.59700368406896	5.65561121231661	5.93991745654726	6.25167694978436	6.41215567039146	4.64986988486387	4.14005868278633	3.02402145198605
0	0.193892137271424	6.0934140468327	6.34441523895157	7.01586653056814	7.76565780013422	8.46421516115606	8.21205260020096	8.15228170388379	8.07319298391672	8.3902317614371	7.6285291712364
0	0.267809646948927	5.90724369654735	6.00455208131725	6.4788209807879	6.72496514286839	6.80171385408447	6.72939804397705	5.9293423805491	5.4276797440426	4.9007319201384	4.04128631981485
0	-0.10526170313454	5.52750247789982	5.98974175955567	6.54977064031271	7.19128491112283	7.95093077366242	6.27484419843178	6.17018984190993	5.16295831488121	4.40098691772607	2.61563456810132
0	-1.03084758280436	6.16751858206477	7.20579676716849	8.42991629474095	9.4937911031524	10.2541195412053	7.18956254606269	6.72812928950656	5.438894116745	5.21238004288681	2.48256899629464
0	-0.653870234728285	5.83224575673522	6.51927550077827	7.3423713099165	8.3861661572541	9.004198538834	6.30161027486212	6.17184384633158	5.18509048786932	4.15192630724599	2.73540061977377
0	0.139078772693818	5.69273297404275	6.43961904159433	6.86596041733015	7.17119351723596	7.89044281685186	4.50178346985929	4.73966693561486	4.06757420296733	2.23129966490261	0.828531808538897
0	0.642627915542579	4.73512846975726	4.6441581555654	4.99480732921168	5.21226226869448	5.3598041410346	6.17042158048892	5.5554539254176	4.19393245652882	3.16368642999804	2.30686212158124
0	1.16608000118166	7.18494925331167	7.36732036364386	7.668888331313	7.6400106459085	8.34390116662709	6.04418179508785	6.38003916402373	5.49253162636367	5.98109896096361	5.91516781329138
0	-0.388434637574393	6.34599844394203	7.22822917176337	7.7165709981124	8.29782835923279	8.78491471946763	7.53995286507764	6.87417580917566	6.4497528482371	5.98268367891545	5.27722494274216
0	-0.135504060201499	6.65953156645274	7.76251504274592	8.06451510661989	8.78344695000188	9.0664179261648	6.74797681474032	6.58454018219552	5.24598210522651	3.79474372478638	2.59495863474096
0	-1.28847085029618	5.77240830566785	6.53217469973756	7.70321425320543	8.26486231407675	9.31689436966366	6.23785461648802	5.40190240751893	4.30708108482548	2.61110784609385	1.05369835761035
0	1.49786127720186	5.86644792373091	6.08616865309076	6.26808695448813	6.220762239679	6.36706915238483	7.7484825563393	7.82906800229108	7.41660313496626	7.58519701122952	7.40747145668994
0	0.852428173277995	5.28296373646218	5.53980125103296	5.70217782696724	6.14214204075356	6.11623405121214	5.76128902796567	4.74440364122562	4.27808990539737	2.7121578195919	0.80976251950034
0	0.161923425728598	5.57762339524046	6.07292409681355	6.84860198002323	7.27840528762302	7.52708161065904	7.11247099929265	6.02712036982477	5.11289501143431	3.59943994144897	2.18104234768911
0	1.80186242045543	7.35478934108714	7.06977473499308	7.28815574553944	7.07042045301475	6.95348055906053	7.6552544979758	7.36695679521516	6.87363340634706	6.82929823327228	6.03583408785835
0	0.0620287337391953	6.26193212869847	6.84596493122115	7.05067705483662	7.14337122839435	7.83484281585465	7.81675278515267	7.466591920065	6.7311737153689	5.99718259085315	5.21076585305209
0	-0.96410122306988	6.17308654621517	6.7646477804105	8.04018951952659	9.24599386564419	10.0514700806685	6.62517766466234	6.78126695677293	5.7895747266643	4.2455201544632	3.52764849906563
0	1.34541197853196	6.02881884986332	5.72870363682903	5.81958783703601	6.16641177253758	6.50136108974365	5.75681200036346	5.60702701105614	5.44613429272021	4.6786974252403	4.83030504930919
0	1.38659457097187	6.42154966473508	6.8283044484879	7.01483154662394	7.07717714925908	6.96526017048793	7.47438286039921	7.10206706969886	6.63239141720388	6.40784944008743	5.24715334476063
0	-0.931204376765891	5.65457849281423	6.63822939237725	7.42363955506461	8.07930506037583	8.71007230636403	5.70217680732412	5.01136048215353	3.28262718312641	2.59102787910693	0.658355406275615
0	0.781894013168951	6.12586118802199	6.63779881833645	7.1657780974213	7.34878688809612	7.57530480404232	6.2046862874464	5.38019732627965	4.30318748726797	2.57052132027528	2.5450253375849
0	1.04121183055518	6.23863289627589	6.37233491254667	6.85635095341505	6.96802455979189	6.98033783891825	8.29767225290457	7.4393191030193	7.68572822419077	6.96875560054962	6.60355224460441
0	-0.564938674730735	7.05874854869024	8.26755142329929	9.27026307467399	9.97275128851512	10.6051604102481	8.04474885927976	7.61666793517534	7.16603129685833	6.07016671084028	5.59215676306574
0	1.14219946657439	5.3045316947257	5.81460107758391	6.00938720184785	5.86768635960235	6.20762560193742	6.90103006070696	5.68923817538937	5.49593302580295	4.59962712028377	3.92402353271653
0	0.393206689677901	6.80273281497752	6.97038135792374	7.49213543565141	7.62701996105755	8.43103040969834	6.77216153100424	6.37506680107863	5.81954125508569	4.68361602859103	3.63870908484884
0	0.482783818152828	5.56130898649298	5.79768456184923	6.59839002473286	6.78006092403839	7.34421584230082	6.51789642386963	5.35864327122231	5.00604269596761	4.77123812314303	3.9796115124221
0	1.04605641186443	6.67770023781146	6.96528586847223	7.3559327225169	7.52994428989759	7.70458211499591	7.53697740105548	7.93700346287792	7.04775021405666	6.32518723933502	6.15051015648898
0	0.740757427962804	5.93914622978538	6.37375091758588	6.81677998638416	7.07708347481325	7.30467261179925	6.24143976979686	6.13605919799827	5.63865693371881	5.61231147024016	4.77771271015085
0	1.74043113133382	5.95215073730368	6.2151978070269	6.30846261510337	6.23738999873871	6.40496808347989	7.22403865240664	7.2436910592478	7.2956539156011	6.63520136710109	6.12622500672591
0	0.444699878945028	5.84061120716531	6.1921364794311	6.47623986235841	7.09731268627197	7.29075818704133	6.95643039618143	6.2170359644436	6.1026033429615	5.10093522530594	4.22549333858809
0	-0.817674271015897	6.24451502591841	7.46517937638249	8.78566902199698	9.71101251382007	10.9558927350828	8.46122636870438	8.34291226617907	7.43071062108529	6.54755795867767	5.53188752668503
0	-0.977565008606058	6.20266455131461	7.10717374052478	8.33789237284381	9.47243101085905	9.96850660706968	7.02849577127306	6.29511863335978	5.12400293777912	4.10859346141888	3.28123089637569
0	-1.09225299885324	4.47220679645137	5.72623862362712	6.78861377220383	7.79927845376239	8.94929970119248	6.97856825854037	6.23116016567446	5.24966314405231	3.99708292891906	3.07907490399157
0	0.501488089353117	6.39465779436243	6.69720736392784	6.9872500636211	7.46755072947807	7.86623843584345	7.63359409769	7.41651443419306	7.43475255354575	7.33520185143362	6.41098236831676
0	1.64780788912384	7.10148120966561	7.51060645619208	7.13507505441861	6.94805283902098	6.99418828987127	7.12871068864986	6.40261141064746	5.56728754873444	4.75459219569391	4.20143017338334
0	-0.000300496337048505	6.57780230126753	7.59971653148962	8.44428872448456	8.65744207347075	9.63652940051356	6.8082134336815	6.08021453974914	5.73108812181223	5.22816673329759	3.85329456000598
0	-0.422040125509085	6.01450170852663	6.75769902249113	7.53143510550144	8.09300310742829	8.93462805411798	7.06417980466371	6.41426962496623	6.16163529411941	6.18882341819518	4.5596016454778
0	1.14806972509961	6.81986754173075	6.75004084985221	7.48929967437138	7.51687423824275	8.15466509413107	8.57116906727626	8.00161653478848	8.51934284185134	8.35107504489341	7.70971855408186
0	-0.469515887038774	6.27969694268941	7.22864062857554	7.69715203539984	8.51484506652527	9.181925155049	7.44207152897694	6.59084585620574	4.95877762675623	2.9557567478629	1.33148264419297
0	0.0915936519685021	5.74980903603473	5.86155186414016	6.66616908578709	7.2398559509034	7.50062641204692	7.66641798572788	6.8166725066161	5.98085293764753	4.01368551434363	4.02294967893034
0	1.8780924199823	5.79758970957808	5.46769624222556	5.66970952273817	5.27077563477547	5.22424214278088	6.59997422533873	6.74956510229232	6.71150936569877	5.43218296283184	5.69489661711591
0	0.144509436686602	4.72969560962004	5.45538018370095	5.60000353913405	5.97789695156253	6.45855582576017	6.52698372251303	5.56071030536582	4.4180705492965	3.91817199419782	3.10625951079994
0	0.826636165351329	7.07783944330747	6.9042397885169	7.58127703533875	7.34262386468997	8.04374092844753	8.26062437296482	7.60669125158019	7.61483982296538	6.79165722540455	5.76825970098178
0	-2.33658740701794	5.18137424858981	7.05933287356143	8.08692351524408	9.6143064570641	10.8510284145299	6.25650413253809	6.33426777283472	4.5585890722363	2.47529967556923	0.473628764422899
0	1.77656300795933	6.04558534803873	6.21916394084164	6.44360732209014	6.3058852360813	6.53001641188749	7.49076586080714	6.81463032089903	5.80744081162755	6.31411471772689	5.32270740776261
0	1.16293182094206	6.48956316880481	6.56315129229823	6.84325188644932	6.71940825485308	6.8280787757304	6.57481424953814	7.00555504374402	5.18191473501523	6.25491662235676	4.95544022599006
0	0.34599921939413	5.40819375123234	5.88817948401636	6.02138051523633	6.48187780678441	6.7073324572894	6.82894597163775	5.51961997145738	4.83899077617508	4.6912219923843	3.1734401430742
0	-0.330028976863926	7.51651227120882	7.99321468128461	9.35235998051866	9.84667148493366	10.8922232184911	8.35350177384787	8.26312574120464	7.49723080361862	6.71632254094058	6.35313018499329
0	-0.358922909508581	6.5017589220946	6.97551285704154	7.69548226430535	8.20246678443467	8.52294494557411	5.84264541995792	5.10788080656969	4.47168628612348	3.08164414101717	2.22164378273702
0	0.559244431472333	6.8454929968337	6.89044483337033	7.32129824769492	7.57645701762271	7.90655693706782	7.57907020546129	7.19269638351945	6.58497177832598	6.64321557337539	5.37119768472071
0	-1.04505825583487	5.33451803851472	6.51744509691783	7.69594887019608	8.67570382545024	9.83434906058235	8.01123700358441	7.43334014871511	7.05225698470382	6.44890853283851	5.85434608219085
0	-0.75752995078774	6.09613226795781	6.61990485063259	7.6962319166887	8.35985580089392	9.23540449091847	6.3088826219879	6.37586653866961	5.02445494842463	3.68573955639135	2.69877703736017
0	-0.229366928990402	5.71644863637656	6.51975526340558	7.07426947878402	7.63410742354334	7.97384952030732	7.13202693196027	7.07659950554238	5.52242046875169	4.65227742006233	3.30472250013794
0	1.70237674508832	5.6991348649532	5.51046279635635	5.42803572472354	5.48466602462916	5.29702657629243	7.27555266208218	6.53639477123471	5.87068565297884	6.50117814810833	5.5606612233236
0	0.756232258400208	5.31647615053343	5.69415468251572	6.03346782595045	6.48900497425562	6.78254403054043	6.17873014297157	6.40872511045835	4.80289080643338	4.25516281547035	2.67873359960078
0	-1.20781692071016	6.34380428162111	7.39272122947527	8.30475117129659	9.15747422149559	9.5859742861914	6.92140531275567	6.11701045127047	5.41644938205315	4.59481815028028	3.07176982119072
0	-0.448182780690057	5.8848370775666	6.95740609975849	7.68172563724642	8.41094490454528	8.9016996077543	6.66306795374514	5.68573820054038	5.15652097973328	3.84891907104282	2.5564486019986
0	-1.26636590767706	6.79584091471013	7.92183802834964	9.05223921253591	9.58227349443974	10.7192411117113	7.06404360880487	6.61750268730821	5.27212926748205	4.26689147143343	3.16428068291137
0	-0.577743231140652	5.71854987195702	6.35190658668702	7.14735749200082	7.81692959011413	8.52653008630971	6.48665085999055	4.82617285413709	4.72444021195963	3.22713813160466	1.37890525047208
0	-0.714248960447727	6.92880465170207	8.14276240450236	8.78582486371833	9.8170051788209	10.6122572061305	7.67671763142261	7.80980630529491	5.93334369235466	5.08596027383231	4.48888424918962
0	-0.0320399314423041	6.39028718715738	7.22605030637953	7.76734132487401	8.3195043662975	9.11658949213009	7.32319364298659	7.66239283488326	5.99235507476943	5.39597468401737	4.61510102189382
0	-0.135321774995745	6.53540364839604	7.23142586791246	8.03920136644479	8.80639122592749	9.54088521997983	6.70219308750738	5.69645264707136	5.35736146961515	4.26670444923343	3.58212076815933
1	-0.053639350298083	6.0511263512627	6.63211502371666	7.1402464248174	7.36539102643304	7.74503819845208	6.5623586571401	6.43479272718653	6.27393377791435	4.80480208104381	4.33520716293877
1	-0.875054626920331	6.01516672373632	6.18207745538354	6.39206008900242	6.81120192486909	6.9613453264295	6.42143290538892	6.669375456745	5.55364161393145	5.12568887121801	4.45025465070645
1	-0.775074873806734	6.35186340763228	6.43332281276759	7.04335697111918	7.06789058095915	7.11102590940429	6.25061263939413	6.10766594663769	4.56286959672361	3.83281128268576	2.25337150091072
1	1.55195150891738	6.86650127639329	7.7772180692829	9.07184984469256	10.0426515819842	11.1935176926429	7.01821667095792	6.49166280243527	5.76364604620016	4.03951779710246	2.56516830438187
1	0.60825541595315	6.50203762520703	7.63326685633792	8.42199552439604	8.77515142468281	9.72226137625749	7.41471568836265	7.38838072478732	6.41928998935371	5.82077351213729	5.43581741844189
1	0.704070497248725	7.24256825931952	8.07871177175699	8.97184753052768	9.68614189447876	10.5766590939799	8.00499919394525	6.63292214682887	6.64697718866366	6.41771264463583	5.029975442001
1	0.546761581521854	6.89092166781465	7.78402237337401	8.62425097042769	9.66405484605572	10.1663848754889	7.72892668608196	7.67592727707449	7.57157296904294	7.10936311479698	6.57785316775259
1	-1.4735007737067	5.36964687118349	5.06834872971361	5.12747734078303	5.42906780830289	4.9414207788803	6.56229572663904	6.35773423992975	4.3025785979821	3.78332032541322	2.8961053117852
1	-0.125363281450996	5.74811647451872	6.27266480519629	6.53579089476402	7.44025398329457	7.80761122168558	6.17029431946504	5.49197432429984	4.80419571425187	4.03141431233035	2.5876097022086
1	0.991851198463479	6.18992730168459	7.14304358103796	7.86110540961396	8.81562631341298	9.93911233731627	6.92027132483965	6.47505753518043	5.85084339613309	5.98299417024419	4.56643984760462
1	-1.20406635409016	5.4491723777747	5.44984998365439	6.00917142815488	6.23624258185615	5.99438457849859	7.50219458606679	6.48200242821137	5.87262096599128	4.9274592540482	3.78728099112009
1	-0.304186008407048	5.26973239058604	5.7891612264251	6.39654950993626	6.84141746082082	6.68793265604489	6.39846732609134	5.73135809838294	5.65785520194622	5.30195059484158	4.79654019211761
1	0.433308861626886	4.29401959962269	5.39671522474242	5.78719796933914	6.59747884769859	7.36565312477799	6.39648391187041	5.36177970905914	4.85568440970204	3.83215550055964	3.07693989570386
1	-2.4559967270714	6.1003466635075	5.79711093777223	5.35223769898717	5.41150475408095	5.03901679421318	7.87454044033648	6.57955884167866	6.17880694806487	4.99199700236339	4.45581434386985
1	0.152913701991893	6.09319813560038	6.72575995050029	7.4192891391417	7.79461741229918	8.42321813848214	6.60211838203766	6.58121577368994	5.57035096736799	5.15938672847426	4.54468807699739
1	0.665436480388926	5.7172023816512	6.51267179113894	7.4486332763976	8.08825114490499	8.52816477707667	7.8221333040634	6.69093777896875	5.35914092006542	5.04761822134522	3.72142131570012
1	0.171599323753256	4.91233803789513	5.85430941332882	6.3835777082431	6.94829143827111	7.22515710899208	7.31637080542776	6.73488298196526	5.76632547707626	5.20109745531272	4.81610772461857
1	-0.226093776408679	6.05580291755141	6.56109580333175	7.24216543871435	7.84582393669687	8.2956865244117	7.1211098243089	6.27842566104961	5.07729622597675	5.32944672361065	4.03493480773276
1	-1.25834058435104	5.59603717228565	6.04621828871599	6.21221503694081	6.40533264798541	6.62602506643826	8.20947553432614	8.43235690733848	6.964282461313	7.16913429434803	6.22111424088327
1	-0.355808320369296	6.78296835164429	7.53785611265614	7.92947940086194	8.22682607001341	8.87962674720719	7.83842640622333	7.98812390315842	8.0203038219748	8.09749801261115	8.03520754516134
1	0.209222823458675	6.15838811987689	6.70827664087863	7.27560906654771	8.18567633935637	8.47223672429736	7.15875298648714	5.94279555283849	4.40688453231272	3.76099926415218	1.75763584640707
1	-0.316585498730575	6.87114365661114	7.38009790503392	7.60079469572801	7.99736081766914	8.33923472733746	7.2732792871734	7.25306549700421	6.22882831085511	5.63619682079094	5.04159729787536
1	1.66061564213702	5.35208056251131	6.6094565948315	7.84630967432215	9.35386824834762	10.6368036178391	7.84333540237311	7.62874947972949	7.1548764964354	6.04766784666788	5.59604803330365
1	0.1849717746926	5.40798762100267	5.93064978376124	6.71099744362517	7.14987521442819	7.72574744625327	6.84838734912281	6.42288107375608	5.75655764576991	3.93956143201583	2.77072642674648
1	-0.523468665927287	5.94682955093089	5.99886798205021	6.41398835906248	6.78280748839101	6.8640727680053	7.20410783457613	6.82365712809446	6.78006353765034	6.01224446735637	5.89383856775085
1	-1.23199934427523	7.44452276231707	7.36479701786654	7.24924911610693	7.39760893387296	7.59069824838069	7.86826045980959	7.64519504711008	6.44854484691252	6.39100082567927	4.8778358814249
1	-0.256463823390813	5.20423274402897	5.56869690527653	5.96096907475864	6.29758232927163	7.03148140765353	6.9380899769601	6.71340739394443	5.80732287236918	5.10124117090884	4.11362620276993
1	-0.134826677397518	6.19030513753757	6.72700050775989	6.83209007417752	7.42231106841376	7.82909348838976	7.17973432496123	6.79312436744329	5.81679102834124	4.68477827006596	3.65755450422261
1	0.808499395911965	6.94606938937796	7.54457143561689	8.91006838926981	9.69374210458052	10.5836911521177	7.22429559892258	6.5301915602315	6.69367998906729	5.38191368288503	4.61510325331571
1	-0.40679230088197	6.83750955727719	7.52133535946065	7.9305083488045	8.59324957747567	8.96705565384637	7.46418629861903	7.38423476912056	6.45574012944331	5.90385736059747	4.86533507838786
1	1.13500701432403	5.92100088649451	6.85166946076855	7.75474751586023	8.96878274029876	9.78481175076971	6.99257976197957	6.785141408696	5.93428253328186	5.21690806804419	4.12503788966945
1	-0.465313119964261	6.54665244836121	7.06795260523622	7.11436610998086	7.61086868855733	8.28452578417486	7.26638574756922	6.12593547043178	4.41209470528144	3.29537023472699	1.45184637502376
1	-1.15055382117542	5.23220670114014	5.3896082405783	5.40923963823183	5.60366157862275	5.75210219645918	6.82209770965718	5.83786448362175	4.74521449754753	3.93696500955351	2.36585317255205
1	0.0101547723186488	6.92449099544552	7.8490923987458	8.36629489872568	9.0006450301861	9.60151881427483	6.4209506324378	6.16324147367323	5.52059013376119	4.2227257232805	3.1547255377129
1	-0.383917640025956	5.74437028484752	6.43884103314242	6.47230374958933	7.09592893428198	7.4577497298592	8.22117476862772	8.11972073714657	7.54012368419587	6.79210220810302	5.63269376052153
1	-0.617103502443993	7.50981663666648	7.95748063193962	8.20791617250405	8.47005358880748	9.18561671819808	7.95347401096115	7.6619394637057	6.96411213309765	6.34447370441582	5.7088731496722
1	0.061313564955813	6.42847658702591	6.90955730026025	7.72598827320596	8.13793872351978	8.75711307927142	7.471312295979	6.82716960455267	6.32513757540806	5.55686250426471	4.32842276152645
1	-1.00884092345354	5.89662208758242	6.05094909391896	6.1650708953438	6.70135921751656	6.60857187953941	6.69337814814521	5.9353383316642	5.65974124867484	4.95724749812824	4.05744421839387
1	-0.926764404841084	6.6874637076651	6.54911320763051	7.03183937386315	7.00121874503553	7.23150637170991	5.95990612686575	5.92658518614166	4.05333651732425	2.93322995591854	2.38462722858047
1	-0.792312262066829	6.27746230574944	6.79925947925355	7.39820774714953	7.72565308865159	7.66237509539233	7.60336277296034	7.23960529653624	6.21746866494266	5.9274247957765	5.06345540139186
1	0.665051065504533	5.18649960716066	6.33337702677984	7.21326801168053	7.99308335460021	8.76159793440984	6.13057204403659	6.00503856432751	5.93422250117961	4.4645812224976	4.52933138361062
1	1.49557546210146	5.77138716987891	7.2545505924301	8.4173311877811	9.53233493733842	10.4329472798073	6.95573635822416	5.73702187300039	6.12129676711866	4.72123750925574	4.36567647989699
1	-1.19113863924106	5.40920285726759	5.03068135004839	5.68474671461139	5.53659835722304	5.73361419078577	6.6348125513904	5.92812426692829	4.52615771572756	3.48219411717224	2.7693353316853
1	-2.8203234213014	6.22514949921412	5.49161018417649	4.97820117968429	4.24990376953368	3.64571586400315	7.56221254913249	6.1079432539029	5.89775781269868	5.17092284475951	4.25686757866546
1	-0.636997872441809	6.25220254444019	6.49735265246331	6.93055784870446	7.39579810296131	7.69171893897396	8.52050212191078	8.09317469984845	7.40472911069814	7.30593298893416	6.19250007751931
1	-0.369770841836377	6.36467303997347	6.31515867911296	6.73599498503966	6.92129959820612	7.44539927535215	6.69783018638905	6.29340373261738	5.11569870386285	4.67421648616201	3.20310983697957
1	-0.245105474421598	4.96623980478594	5.64231457965774	6.19948445314236	6.44399272497911	6.91345517095394	7.97294367256076	7.35800915357527	6.24110120438492	6.16734302840837	5.52187678060759
1	-1.69688114941493	6.64355012106411	6.5512229263372	6.24215684589306	6.23952297713661	6.04375580165117	6.50202997823193	5.53951668353131	4.48023281801532	4.07569902988625	3.3507933598692
1	-1.07844752893207	6.55750016593979	6.71054922867861	6.98053551093642	7.35016865613916	7.75117878185524	6.91563169438277	5.87093599064224	5.73106737452096	4.69849712736802	3.24806246151557
1	0.741127257195018	5.73355238244687	6.32722317415613	7.07264169194872	7.75849373737785	8.23905927610128	7.51536493572576	7.51167540774256	6.87790878570028	5.87959116031175	4.7351409504201
1	0.0323312047662874	6.60529856505003	7.65155867057446	8.01667139234817	8.23926922445865	8.86345800535853	5.9644356041055	5.3528041786324	5.2780465910187	4.07196515911593	3.22910315802753
1	-1.19313358958616	5.74637665902044	5.56532247493027	5.24805124837419	5.73483659984571	5.23816737967524	6.06919800323236	6.30107092350865	5.0698547063414	3.20067293608384	1.7733715776822
1	0.455534267488954	5.01095850047055	5.48545850017937	5.99762796488013	6.50680728424548	7.21436876029177	6.6950734439705	5.86641603145861	5.31680967349363	3.47572359784184	2.59836380255773
1	0.281195165729016	6.39063544706589	7.0316832242936	7.84808123574639	8.57481382631757	9.28916195691862	7.52422570362878	7.33003411016545	6.75579431504668	6.58025927477536	5.89607982311527
1	-0.648946718719478	5.78516919495929	6.09378561628942	6.77263244912247	7.14751574287669	7.64826456442699	8.06074625282677	7.88499823745024	7.14239911982808	6.97253993166715	6.23087487625328
1	0.721228802685043	6.68902820442892	7.38106361419498	8.38817245543182	8.43867917033087	9.22648657099497	7.15709478657223	6.68700352951428	5.40092242191971	4.61135322696228	4.229181478251
1	0.440105268382703	6.51944689298393	7.10024193810771	8.22495728598096	8.76775562232529	9.92462989188463	7.61819908939018	6.68360579412898	5.97501274479123	5.23856281250019	4.28585641930901
1	-0.936277679723937	5.7099096794601	5.82526698848328	6.19412271672018	6.41224689532943	7.01434308949236	7.50168218104002	6.87094403657967	6.20886514856447	5.01775603903758	4.67298707191027
1	-0.0432131030446382	4.61127736428794	4.85054929836584	5.20379197885286	6.00809447793378	6.6407793534077	5.35014986869926	5.30431770244371	4.74825371220606	4.22905308779981	1.92794826427348
1	-0.227458533445119	5.82875401365466	6.17413133615232	6.67099944379466	7.0914006439044	7.64141655025883	6.33743420712895	5.69301991314146	4.68636683161744	5.12324005283939	3.3130858128456
1	0.205376690150386	5.78226763684509	6.29628755901232	6.87451437305682	7.58135309871169	8.40318094440427	5.99961451900937	5.58933027293254	4.96744317306668	3.76063053960446	2.45186242004266
1	-1.56409373010429	5.79767628920932	5.99431614751067	5.63045238024353	5.86254349901609	5.68341488897518	6.86684140261786	5.82139609420045	4.83075009528179	4.33563866867981	2.99721398576451
1	1.62351304034771	6.60553757065187	7.89321922435163	9.31551556926089	10.3330676227216	11.753435909362	7.94441498576173	7.37819633109764	6.90083788290849	6.12772192861739	5.72852370810214
1	0.326715608291699	5.62733152674786	6.57849756034405	7.09433044851647	7.74260128362242	8.22169317691414	6.49204346747714	6.42899759913535	5.37490216804597	4.96760459514814	4.20490329022614
1	1.54595114475202	5.52032967106038	6.64477846623682	7.79494686099909	9.19569084950167	10.0418231217353	6.94360778595702	5.85773170791823	5.18554596625879	4.08195390225362	3.36982870964127
1	-0.647666931141601	6.37385847730607	6.65013298860953	6.97579046647778	7.08981306095569	7.2377356167392	6.71016512216444	6.32307260215699	5.53944272690611	4.92396870016305	4.2097307276582
1	0.449305879569581	6.57635829692715	7.04843924440811	7.91523120154086	8.6844143787798	9.79569879064705	6.82846073753159	7.16207440127449	6.7051755022811	6.06969212734735	5.15776885853298
1	1.19394514041938	5.12525760555829	6.20875904775639	7.22748986286757	8.07077595485254	8.94131771401125	6.16372258404383	5.64590466151785	5.56141369314781	3.9192137575451	2.93878156886909
1	0.0210259894912047	6.51959246860438	7.24949636350419	7.73558476308156	8.31081200481667	8.97503605215975	7.11207600930195	6.25709299075603	6.44184112841099	4.26587358193432	3.92013903476854
1	0.523564575991961	5.38084301717896	6.30556617476882	6.89536847459865	7.4304624830154	7.85715411897553	6.83335993339988	5.96959628751163	5.08526849978026	5.06740040024003	3.17229268427784
1	-0.686332001197422	6.41609757767262	6.55257502557166	7.11072753649262	7.38695166089167	8.15942761933694	8.5145162561923	7.02825375088362	6.60734960718969	6.2467916724655	5.72686606921588
1	0.419922004998292	5.59036443672002	6.64745545820652	7.37133875202997	8.0984542778441	9.13542730275534	6.64159856950312	6.44760126138457	5.51155807757541	4.19431331035511	2.91896981239251
1	-0.411084566051213	6.13894417458499	6.55119409937627	6.97895882704831	7.11573818162406	7.80575982800902	7.09359607717518	6.6622326651587	6.40169611930189	6.76366814702676	4.64230172286184
1	-0.666026397434521	5.9497860085896	6.11359951103035	6.61018863724606	6.59569335511487	7.19905940776939	7.66398778791026	6.44514185607108	5.44059970221617	4.99042366714018	3.27373981552965
1	0.33461871025384	6.95766050078275	7.75407694704977	8.81579749969445	8.93751815645878	9.66898954385828	6.94779624626185	7.00625450100453	6.19189881525856	5.40325090731634	4.43177646486309
1	-0.88850610131586	6.13478912181671	6.13797671585917	6.5300261123712	6.76977196494455	6.6716598870636	7.74854836414865	6.87969141547333	6.33954044122417	5.10901210559139	4.71081822683774
1	-0.269098465121677	5.81939950827886	6.18614586343626	6.51438817652947	6.75228709106904	7.26593144236888	5.76062791399894	5.71285411045796	4.20012670480702	2.94460448580866	1.97501541535446
1	0.720383164296052	5.10680022503902	5.66410936411268	6.53143428572295	7.22999987248898	7.95648105818251	7.25972697522127	6.91576680663047	5.99563402699982	5.33399331139149	3.7881576774112
1	2.2843950401352	5.74522711860272	7.42947447210083	8.35493909358875	9.85732426211398	11.1798568954099	5.69037562526221	5.48486618572706	5.61775170187943	4.78537134803382	3.31941802863795
1	-0.324828953670079	6.13225828225206	6.49737274586449	6.73689536577215	7.35341667436403	7.67577374933836	6.88315393186908	6.00674252350825	4.72227172262062	3.79204636903068	3.15603692588646
1	-0.584235146643686	6.94411747469841	7.21393605149665	7.43824635802391	7.81808804295828	8.15614594419522	7.58815089804493	6.25465696502256	6.21299638189868	5.17991247436979	3.83929796787858
1	-1.19370846448493	5.06659884239608	5.02346684778442	4.7818617509716	5.29705245873219	5.38732613755885	6.92656096649965	6.04274728674097	5.36251723675004	3.92682764879229	2.63375757811975
1	-0.819442769141432	4.16003489133012	4.57345689145314	4.64651550060238	5.39137593295838	5.62480989741599	6.54601374106787	5.46298356254395	5.43079792151276	4.51677100623011	4.23096118038572
1	1.9750850315949	5.38649362516467	6.58633470363926	8.37492347822659	9.66692097907913	10.9764092435062	7.6640994034064	6.40416428441055	6.20637561093419	5.49039069090324	4.90621103211089
1	-0.688696760965603	4.69858124351595	5.24272207776811	5.97463445195238	6.30311061651935	6.3329366946132	7.12767061071693	6.28347020109858	4.83746357354794	4.59635290644144	3.03696380430346
1	0.512350057815286	7.24420226755243	7.92715694066838	9.14892568182315	9.86958224389776	10.546021100579	8.7386464847106	7.89859367443765	7.89042686886955	6.8357657178586	6.3850574013108
1	1.00458200616326	5.00163524935355	6.34479480311839	7.04931358455725	7.88814810258798	8.69729407512875	6.38644374097532	5.70797593871637	4.33754267002843	4.01809571853211	2.52685963250152
1	-0.0791586433915017	4.77827179577097	5.37208197193016	5.96806266798941	6.62214839684968	7.0051968980098	6.60720789775917	6.83573215533014	5.3400542309261	3.8784205866284	2.48125967401128
1	-0.674764012075831	5.96185256823216	6.45195789356543	6.47036466947831	7.2538941660196	7.39050840231144	6.68923475911952	6.47130964591631	5.55945837635453	4.64936939739767	3.46698872336956
1	0.28090663453397	5.92514412662228	6.42082499213203	7.2789751574489	7.56554541878837	8.18180924700913	7.62505201473254	6.29168045091801	5.58158022905557	4.49539620288267	4.44760873518749
1	0.350138332708145	5.87938919426529	6.59220706155427	7.1897635465209	7.86073993975109	8.2935711519984	6.6340617044514	5.61321771771348	4.50556177676015	3.67365791422851	2.8907850766486
1	1.99025560542251	5.97143178819478	7.45583185071699	9.05327103876139	10.0499796617161	11.402067797845	7.84722587325492	7.899328296647	7.51552934584241	7.79046357834193	6.35456508878501
1	-0.388313173452063	6.29735567393757	5.98887833801103	6.66246734380808	7.12835640042198	7.2305564179189	6.75240688305659	5.34070899675072	5.07959714632745	4.03145806864384	2.42117222144301
1	1.10874226091402	6.49891034366689	7.3045460171136	8.66338266288115	9.57198876184894	10.4057811070898	6.38792572919983	4.95573190283343	4.42918032115237	3.19587586429749	2.12214747161502
1	-0.144573240748936	5.17983298668969	5.52233583904792	5.922736053529	6.37943404963057	7.13716425152672	7.44353328628754	7.29998147528057	6.21890092729856	5.24879022288717	3.55260780199063
1	-0.530739953570449	7.13756110471799	7.34910020102515	7.77657783809661	8.26073733487991	8.34908391910697	6.59590353531689	5.29581644193056	5.16751703683107	3.40304898773054	2.17715548595782
1	0.502394324773636	7.07321849487257	7.90348377825636	8.74651903875887	9.46550598796191	10.3920744039663	7.77248235353546	7.02160223460746	6.37962793564469	5.32039319477156	3.80306227342718
1	-0.110055943664601	6.67741108113843	7.36112894084289	7.65161320460245	8.550801882593	8.78574965759049	7.8140817830702	7.64887835821462	7.57592792219266	6.25579610718679	5.38381371241284
1	0.645451064651977	7.01248235404544	7.83137223664074	8.26752729696382	9.25886581174513	10.0018343985493	7.27102729822097	6.93691860460967	5.94830838509055	6.06052914779409	4.33170117040573
1	0.123129491245418	6.67049331931211	7.28445393909833	8.14267381466603	8.96968071628427	9.3600234856851	7.03476542802981	6.70202916254509	6.51968868262195	5.71779809684966	5.07538021335825
1	-0.958502185848726	5.58183389434593	5.35406140634416	5.67614413620187	5.81001779792476	6.21799005532284	5.78086137591125	5.15542124305286	4.01785758496868	3.07605805348092	1.35789802524095
1	-1.36468788767951	7.24277864282199	7.21718520002591	7.8247244613665	7.91280932220949	7.87873101879159	7.4148838058731	6.48998932814991	6.1960572116801	5.46252192036286	5.50085435471559
1	0.977681563794709	5.14312060596009	6.22079169537439	7.53295930581934	7.82960998721134	8.98537524607126	6.88891970791171	6.58014529240818	5.98856779611176	4.97656542395255	4.7372128538128
1	-0.987861661693405	7.13322214266346	7.13182269629532	7.54142701488667	7.53058510085817	7.95146781256575	7.13965117587155	6.67692012490082	5.41449169349016	4.45652519594039	3.84761255191624
1	1.05310571111067	4.8592975439779	5.8049786271429	6.55334107537102	7.13192947681231	8.02901056441268	5.69377564540822	4.54931878714251	4.20177100719132	3.21153001949498	1.52661617730388
1	-0.828378429047771	5.77086266402267	6.08339746116626	5.8447664316449	5.91944760439922	6.6358057989782	7.27180618541017	5.47848836362322	4.96891686309131	4.46479471460448	3.91093616915061
1	0.108692298872526	6.79232650643919	7.24698767911668	8.08143709350965	8.43666419732735	8.97970216087092	8.34532969648019	8.26222232707211	7.34577782493148	6.80032653200644	5.13290003838543
1	1.23109189855398	5.81642131007075	6.59825483269964	8.25036130708009	8.67372805949201	9.98689138169514	6.08600349709153	5.91285860810414	5.25676430685365	4.44086100038009	3.67809899561323
1	-0.571719168158786	5.66731791727724	6.07446777255414	6.08577570479539	6.64813187656081	6.88797900804589	7.33982767066919	5.67268259712796	4.32978032543876	4.84656620843256	2.5192169456066
1	1.67970919695625	6.34029529471487	7.77752873462505	9.42139311788423	10.50457241412	10.8316420966092	7.10754072995395	5.76785860651765	4.80924126910274	3.75442529629788	2.0546270985767
1	-1.47802562300258	5.14254512033914	5.22613355023184	5.12189286176388	4.70926886669089	4.66633295061687	7.12793903785714	5.98687380445135	4.55278365648111	3.87346658699315	2.44447432537759
1	0.0770014953441398	6.60828504536886	7.59931889502304	7.96249294592095	8.77236144284794	9.11856847555894	6.74646279990766	5.7952196189978	4.12245304484949	3.35364633221565	1.37750451892852
1	1.11577395793262	5.73755823501745	6.54068848367736	7.45263583291567	7.99744613776045	9.18757448513391	7.66640112468222	6.34087197350018	5.5217439774809	4.44363214459811	3.95569693669404
1	0.740128236677671	6.04990098289031	6.83935064355601	7.71821598972621	8.52710930827309	8.94383970585016	6.61588679244256	5.53590898850772	5.2674061413764	4.72360880527213	3.56454321408137
1	-0.400112680108714	4.9857918952682	5.34201518540032	6.03351763974776	6.41521427967334	6.36824883459422	6.21903339999444	5.39300995476846	4.42620070334242	3.17042705215935	3.01455874831701
1	0.184151821152916	6.40760786978957	7.17605867754041	7.8791942685675	8.61541945714385	9.08238142039456	7.20461892329431	6.24178121637714	5.65203481734134	4.40572786655827	4.19321386794472
1	-0.555703557156425	6.90587848178299	7.00364093473616	7.50342169867435	7.7405983901775	7.75427213100535	7.91267590561294	7.77391319984276	7.40570563217238	6.89651172421679	6.06595097870854
1	-0.885406171358977	6.42852487915326	6.82319588618776	6.95532428183896	7.42009515153914	7.76087811175354	7.98865176627168	7.59596138778413	6.6844911590965	6.08689392661068	5.2034675832111
1	-0.61711826365596	7.16299753159283	8.3274419634047	8.31658589485839	8.80432427114284	9.36574538203451	7.66375488307044	7.01784652786183	6.1990488424624	5.70507753030784	4.56294628094482
1	-1.85766116418623	6.03327351765516	5.80919511070491	5.77481630482234	6.0116810729378	5.32782613742282	6.13561724422248	5.42330184977613	4.07763842221433	3.2309856017343	2.01020283337247
1	1.04308466366129	5.56886335376252	6.83456620048278	7.26003366868228	8.45910349934202	9.23518334270713	7.3733517094644	6.78106752246225	6.30379901928145	5.16267111813764	3.74345257891052
1	0.88661019233274	5.96357400065267	6.60877362668664	7.73647791067312	8.58841112760854	9.53852802742992	6.91404814567885	6.39076316783642	5.94930179420663	5.5313892304639	4.36893239686241
1	1.03425871845202	6.33971824045007	7.34408927984528	8.45173674173187	9.32580688199672	10.0192916544053	6.84354894324588	5.8975577764768	5.58618602993869	4.29474116425909	2.4658145307306
1	-0.377097376405081	5.45358985912535	5.64805695293089	6.17724315490403	6.52413245273708	6.92985108813766	7.21776304048132	6.34691521401591	6.03454477927329	5.39460456302935	3.73824405491657
1	-2.09291841550178	5.31217521815709	4.93707206533072	4.9635377894386	4.86318636934132	5.08471369914302	5.37139127839358	4.78297476103072	3.69008057576213	2.60812022359759	1.66698523553213
1	0.642394998576474	5.78788135530161	6.68834472911436	7.47880845818469	7.71449058842457	8.61106801340374	7.80456267244408	7.2672293677507	7.119374633871	5.61277446789615	5.21784473523912
1	0.894721652068274	6.01580932081063	7.15751279259431	7.86524621192239	8.61880188909572	9.50993669636813	6.54087725345066	5.76977594977176	5.94369708532594	4.53670379009798	3.83194664736706
1	-1.426495727606	6.53482765196256	6.56926880334803	6.74376087038258	6.9314529911305	7.31360959458072	7.97184497108982	6.36931493310202	5.37297169526264	4.69684357696624	3.98911479181379
1	-0.530905499904943	6.28335190493279	6.70233269837723	6.91067113435459	7.33381970889531	7.52061262803847	6.82081674043908	6.02218229106078	5.25916672309198	3.90396031566705	3.0271935884124
1	-0.206331340138386	6.82113586619384	7.24250332655	7.88604524762495	8.41841437160722	9.04625562254867	7.42754017635075	6.91590524309616	5.38449988979838	4.51393292199928	3.46349384877484
1	1.27280656091833	6.29404604508405	7.20153157219004	8.37757925661474	9.38453881397813	10.3307507343862	7.18891297232405	6.50199504070612	6.75572414672586	5.41352912657394	5.11456903217978
1	-0.272046483744667	4.02496624505882	4.36433650699372	5.14250619917878	5.37774106937856	5.96437196745242	6.7534429429579	5.8190685820322	5.22347244921209	3.96937587165932	3.27893322395341
1	1.36707615870963	6.17295324820912	7.50158360549809	8.69590666408235	9.71900814918453	10.7753515969065	7.21015391597948	6.64708439496326	5.91998860775482	4.68355037758225	4.84580690869198
1	-0.91239911634204	5.97550102521941	6.00404597907694	6.37990993628771	6.42967328379399	6.47297909610663	7.1248062244382	6.67339296763962	6.03973758930755	5.17677091082522	4.28999510732725
1	0.462643056229994	6.46879352927445	7.03929442783017	8.00121550678105	8.60995609616434	9.24363655302776	6.30612509233705	6.94493553951612	6.139516689529	5.4885436252507	5.2272342157946
1	0.746077641265642	5.23081033868726	5.88750920255747	7.26411221951432	7.68646474300352	8.47343233628615	7.72483695416678	6.81141611686283	6.44374074086566	4.85035854669199	4.08820880549349
1	1.42688963301183	7.65595355756774	8.66714433051356	9.64548766606813	11.1460728426089	11.9665090717386	8.85441833876354	8.52462833492126	7.83857427799659	6.5026441246475	6.15364026581723
1	-1.2213540196773	5.63248926638659	5.96761584696179	5.8108832633052	5.85836697487782	5.91782145325029	6.90619503525771	6.21573782508322	4.75016927386016	3.13161903306923	1.63092026222485
1	1.34989202420215	5.66006676189955	7.04455800398949	8.00408279246033	9.30734216615169	10.4463438666645	6.93659480121911	6.08142634574831	5.24170665101411	4.46885960249818	3.30490864207648
1	0.985871312653837	5.63091783902216	6.37684788125562	7.26179171503526	8.25682266513219	8.98176954735938	7.5688005217262	7.3968200105433	6.77689274550068	5.80952943602976	4.66355620794344
1	-0.343653687837181	5.9664643840792	6.37513304489492	6.84964810331597	6.85683646562177	7.61857320550364	6.8958009909783	6.03159887502267	5.10157162643834	4.64629130461527	3.52916062402672
1	-2.2008768341877	6.42130580514322	6.36557397172369	5.9651208403545	5.78540830251264	5.60169641071732	6.66727429404532	5.10447396122107	4.6664930073223	3.59077982233292	2.19206349554335
1	1.96701586013563	6.33232325559012	7.47337079328272	8.8476255650294	10.4417077581864	11.622729690025	7.07870453239378	7.79123548585141	6.76426831374137	6.32589728710187	5.84260560604613
1	-0.435627135128299	4.33916871610917	4.87660092917614	5.02277806192288	5.58885773438207	5.93214022507281	5.62934739401862	5.12828134206083	4.19626656478822	3.24184109836214	2.12573135393559
1	-2.51143630457102	5.84577413719924	5.60462134267249	5.07571759339865	4.69444328226402	3.67161454521397	6.78845265812188	6.27979667856744	4.5683465818579	3.45575829384339	2.00273133991638
1	-1.16520816057895	6.62897223858723	6.55439986091695	6.83699246205655	6.70554971808366	6.95523410960284	7.63271030865038	5.82416542394838	6.26313504182853	5.11398821217084	3.60273452589983
1	-0.393511784340727	4.84479861790374	5.08344812454688	5.33259841560413	5.43597390138862	5.96927264696682	5.89959519987036	4.76001173819539	3.62660520617214	1.93175520053489	0.951309769327662
1	-0.877126621646944	6.21592554334941	6.71934557684346	6.65618830343194	6.92822069437012	6.78210759585735	6.6305392887991	6.15808833237259	5.48819439013852	4.22582496007572	3.67733103858763
1	0.637489123033093	5.76275326705133	6.53529288676409	7.58125501069513	8.12700884192448	8.95366184256421	6.94640756861707	6.54836685673312	5.19989167911671	4.60580157844375	3.41049520885784
1	-0.0645098599648538	5.38774398599025	5.90692276037909	6.32680638972369	6.96142190251864	7.49469065398636	6.12973847737648	5.52657066697156	4.4763243602986	3.04324413015544	1.28441212990344
1	1.1857620270832	4.92598243965499	6.27878110587216	7.07613215488404	7.88667471374312	8.83345889211652	7.24762215078056	6.44871221764858	6.44823187170942	5.83493346820422	5.13201165337558
1	0.488714672091452	7.00400993461671	7.53003239948253	8.2630391656406	9.0056441356119	9.20976111537837	7.10643439061718	5.80950305380544	5.82114995737338	4.31905082832049	3.66080618466911
1	-0.850619483299491	5.8761628221813	6.18126467093815	6.60004150888572	6.79673287038602	6.83296213726513	6.87551527134631	6.82921469834223	5.79168463695963	5.30630506663683	4.72097521312104
1	-0.32050780441031	5.89720252251238	6.48030651523576	6.77788531982339	6.89236587756268	7.31176391035314	6.14221605775059	5.68304381260042	4.86782948941107	3.79371232600468	2.38098897739858
1	0.0824940592763626	5.93110091862279	6.69829405872515	7.10554159015952	7.8558111582297	8.63585692679111	6.99049946639009	5.38860676936318	4.90722597931561	3.65808651235379	1.87416149988483
1	0.702919017451553	4.9062331394082	6.33645754257104	6.8760243381334	7.45099978919532	8.64400874237438	7.27444854797883	7.0033404478643	6.31676811597927	6.16716241288828	4.97717245114679
1	0.333087435738151	6.03174281762595	6.85537066654086	7.43629736534342	8.23329136744233	8.83487310506763	6.55505377706423	6.13893493506111	6.25443859378891	5.24715948991556	4.37165838592077
1	-1.23606732266986	5.92570233554904	6.3089536367642	6.45768956596322	6.42726277901058	6.43163701170866	6.3889875563856	6.1811368379736	5.2543565494401	4.64604070876245	4.08151259880577
1	0.520426933070103	6.01368742780798	6.41929408851522	7.1577183512147	7.70466937681559	8.66875127905281	6.9001773240437	6.83645425659179	5.58339127496728	5.4610123152302	4.21037067150359
1	0.447427555967578	5.41079547952407	6.04214468335882	6.72690536567982	7.56254053704597	7.80323256538636	6.83874526384356	6.38978506508938	5.70836406787457	4.55081937793887	3.56306770815291
1	-2.27562180508525	6.09974784516116	5.94470046859691	5.74198164223307	5.50982414001451	5.15953991177095	6.98089123541681	6.3424790302895	5.41633235271052	5.25831355948229	3.68023561663056
1	-1.68293020627167	6.31959722799054	6.34219165260856	6.34194841040925	6.59004795547335	6.56190095682366	7.6698994330082	7.16882033838124	6.76161962224909	6.68057457322183	6.23429349785602
1	-1.37770163529529	5.22624739213184	4.92174713957316	4.70872741114464	4.98784955077918	4.88234259364221	7.01452308676362	5.55487088687033	6.10515636988897	4.60755706703792	3.91187841694045
1	-0.69751471302626	7.19289876914965	7.77842228837117	7.62385806223114	7.83673201349776	8.00956944747998	7.40725031629475	7.35990222183633	6.27782378267443	6.0868780217429	5.12600648722354
1	0.0843597277701297	4.96884061717405	6.06085153951198	6.65781792498362	6.88383238999656	7.98191685886455	6.80992509275789	6.2137005646643	4.55627205793193	5.10260576057138	3.73277173989101
1	-0.311980589856698	6.24735711075593	6.79836817554016	7.00737875152077	7.60577367710209	7.7348799461017	6.69040856050895	6.17920205336925	5.71719891771818	4.2200908698085	3.38493454784829
1	-0.513426733426386	7.22421794512013	7.85321280217628	8.18751301111112	8.26769677322523	8.49094180723511	7.02834272230008	6.2560756387378	5.79942148171128	4.31059863911065	3.49919149055738
1	2.34519163946668	5.59457451553483	7.18480572276111	8.78450224922488	10.2410074995583	11.6359910582766	7.03641571034755	6.11965239834949	6.55175660406478	5.28151693271285	4.11662519176616
1	-0.3052997418183	6.46820911956389	6.97477448135367	6.89912382500903	7.46677937390742	7.75099692002313	6.90475626124544	5.72494871699145	4.84910243687386	3.43765535906865	2.49313650661261
1	-1.0033786719897	5.65788627412201	5.87379109812984	6.08700552653628	6.26861066564521	6.25616054325468	6.71413447840488	5.95210603631019	5.20618476262053	4.18583160301284	2.96291141686995
1	0.667946739927542	5.17248342262856	6.31250094845227	6.96268812164802	8.03251963585103	8.66811098662628	5.81216723161989	5.95172473462473	4.76845156891425	4.32462706125176	2.77257543599625
1	0.736228557738849	6.6451405677748	7.45774739946847	7.95312983809052	9.04633592448336	9.51983949070533	8.1880975970291	7.34430126089202	6.35466736231999	5.08297721065651	4.25777853662237
1	-0.965571483814773	6.92517929249947	7.15219333210923	7.18203248015164	7.54009651779826	7.86460212762575	6.99945551821011	6.35174271018212	6.48696590379876	5.39569991138218	4.38968127046768
1	0.369527547437203	6.69339269750221	6.97576108418885	8.09799443899539	8.52545222438937	9.4968561551605	7.32648856864006	6.69350998199014	6.12332583938597	5.45835546553831	4.46494401493433
1	1.58365533671942	6.57628943422849	7.66986679134931	8.82230161579862	10.0878706845078	11.2972677929952	7.16787167061953	5.61926153482836	4.72027375661263	3.97981519234145	2.98387148962333
1	0.991533117073141	5.75733607065514	6.86525831531141	7.7650112490301	8.823835716045	9.89076440812075	6.7921377019152	6.29023826760255	5.36545165419517	5.14993499338415	3.91086410851968
1	0.244565100972957	6.14650233426588	6.76130254867968	7.72877931396706	8.42345252462265	8.98539780911793	7.04539070630606	6.54926856341452	6.37302845099182	4.72138152327535	3.96334318097034
1	-0.685748238640526	6.40653391210493	6.90102056840927	7.2128271037031	7.53042266588891	7.86574695502542	8.08540696104237	7.56573371491762	7.09534778384711	5.89965506251151	5.60274839824205
1	-2.77133112193555	5.101893047149	5.11181735571092	4.26895720604033	3.85943650703963	3.74212340997018	6.42706474218569	5.30086819248717	3.99081220834501	2.70034209911442	1.62884460180479
1	1.69264926590953	6.27926774044982	7.37051093361374	8.45215894656227	9.51062391202466	10.5228990470132	6.89703520325292	6.25914983257815	5.23925847750596	4.14990260411204	3.07081004357098
1	1.86198859079073	6.34633810290801	7.90351403648376	9.05076335708974	10.3732181064361	11.6085995004324	7.5293858064101	7.66947214617953	7.3781546478874	7.27682475444601	6.8983685943577
1	-0.378155864419832	5.48801130843138	5.86102997659415	6.33387746160443	7.02630414113094	7.43274617670519	6.56536298536849	6.06568422560979	5.06652985445796	5.21016834274523	3.39565801647175
1	-0.551147823555886	5.69725658122842	6.38251068565939	6.55236766941731	6.78763409238776	6.74279953080766	6.79802738220999	7.17585821306522	6.04518877130465	5.59581688122243	5.15398472645342
1	-0.245969207074728	5.75023087613001	6.14162658009155	7.07104541593394	7.58727111855429	7.90023563641599	6.5288057352157	5.97915517283845	5.25000150492597	4.70593152752785	3.45083321080961
1	0.733304021039995	5.71248483586193	6.61207671327672	7.48592984674527	8.22198329004468	8.98309687836658	6.95104584735039	7.49144397802097	6.82081938833549	5.69293136324024	4.80905456958166
1	0.735724730620039	7.1465503891498	8.2500304279433	9.17526020762416	10.1742909378115	11.6023655952243	8.12492268764713	8.16012535432913	7.77128780450806	7.96821046481709	7.36500386511238
1	-1.33726411666795	4.30525633686147	4.55210325538239	4.56382766271898	4.43620924615232	4.36754567820461	7.07303271860724	5.45365526984865	4.3601553966886	4.07616240872134	2.2250381994093
1	-0.969799920378218	5.85289243461854	5.79383675462436	6.35840696778129	6.42805217295651	6.09689187672144	5.80928776285001	6.1843555434485	4.72954514880955	4.59742546723655	3.15847136244618
1	1.24568292116714	6.231240636294	7.08988651276251	8.30550864611819	9.45482328634426	10.7070233037	6.71388792747655	6.53588026112997	5.53903477817166	4.50477919027107	3.00045927871716
1	0.597034523691299	7.08621187370767	7.6751451315884	8.85169798066915	9.68078705899148	10.6946140578485	7.55652782485087	6.32143112239022	6.14002152923863	4.97451971816839	3.74140536118664
1	-1.13549250096845	5.3935456855317	5.4102562404124	5.58351252269771	5.50322384535075	5.97198115608195	6.35353519853166	5.87993973353	4.84007712932572	3.21761916043745	2.49072051768915
1	0.410045498583726	6.24240235612478	7.37840906392841	8.02564050753647	8.88262827310943	9.80939708595348	7.48742854688256	6.61964635608133	6.10021753772414	4.89913933784241	3.83533132210132
1	0.766477362703582	4.21683165133576	5.19707125581225	5.89237285669807	7.00962977644188	7.90746175728261	6.17659082943551	6.12767138726095	6.08362093645568	4.75200260217199	4.66201916542984
1	0.225557969889215	6.62050784357421	6.96045720682293	7.9995384495597	8.29474926562491	9.03898051277298	7.63817164481792	7.73989996617887	6.68861617523549	6.12241527068007	4.68400364970962
1	0.622658913647012	6.15156079826422	6.72668614807322	7.80187177899025	8.78811804947616	9.17051865515127	6.25593118531447	5.55740942929957	4.58774142336516	3.24038719579068	0.868103305589347
1	-0.684616340500326	6.80577473364038	7.07245833728896	7.66301174079193	7.81343546058832	8.20620387926245	6.76198090451715	6.82016281486185	4.91400556677048	4.19797702490037	3.58964015012908
1	-0.00538940988041367	5.21731753950418	6.29173917891338	7.19534878134086	7.37495142286952	8.03067873041191	6.5962398115137	6.42934807567607	5.42976671446845	5.34772551703985	4.33541409819562
1	1.39883987231865	5.98308840418339	7.32051215518993	8.54643681872912	9.69441563856686	10.6387736641743	6.90276778403076	7.24912855407421	6.04144386903361	5.02932461862079	3.86433915170914
1	-0.568483034118219	5.22031327526534	5.46509504358804	5.64626597144187	6.31390627645678	6.34537147951852	6.62770986247795	5.20336231410669	4.83640630602625	4.18007799528475	4.03025252676199
1	-0.226277304486331	5.53146309522144	6.54300460728332	6.88830519157251	7.55475021949491	8.0608212226997	7.17013854119829	6.21789355488264	6.03006546337787	5.79904819697673	4.15381798291072
1	-1.02679801054998	4.93932816651052	5.39606047765674	6.00168238214707	6.11829237213244	6.42217662494547	7.147333541495	6.12762173718162	5.38530360972905	5.62695543403898	4.89207679251096
1	-0.823387410723287	7.27976927784262	7.3892958438179	7.74290337215262	7.90748943852825	7.91244408758166	7.70607859016731	6.38446629623731	6.92212025499065	6.24138028927615	5.37847424417612
1	-0.168139917060852	6.21778692929454	6.76383557099842	6.72260849320786	7.41690915740326	7.83510794043482	6.8786639093964	6.4279844422943	5.17696173025939	4.66009247892628	2.8161589944445
1	0.176788405131159	5.36343644587282	5.74511617916344	6.6067142324388	7.07660799768368	8.11779688642316	7.16932458397224	6.2114816247217	5.41178945715118	4.1969119886374	2.32937924795297
1	-1.87613986884804	6.26430534087896	6.06619435379707	6.24607006019754	5.90224593269355	5.75584170294683	7.24373944112378	6.36400404782006	5.64085371382121	5.59526714023106	4.00139654616956
1	0.581466198757808	6.64797622663752	7.85913407125287	8.85381936236297	9.48430207246051	10.3740007500635	6.75575713567379	6.35133427399855	6.70711729975347	5.88845030861735	5.08337764888203
1	-0.50539624133816	6.22512881208667	6.61026327946017	6.92640334011534	6.97458347349967	7.10051723469719	7.06053070012679	5.98616188564094	4.66896834691119	3.79740163235044	2.43547797261584
1	0.519757347509432	5.692430309445	6.98722087003604	7.56420720972968	8.18879033693525	9.04311742498941	6.07152958377281	5.57049042547044	4.68118849090104	3.16595992481048	1.62514682963348
1	-1.39348574625571	6.14687938718743	6.20744666772579	6.6947513210336	7.01429467264124	6.69780844661815	7.68040049970214	7.41164742067737	7.61492372157676	7.57567196136694	6.53223346853931
1	2.22893525344792	5.93446863001255	7.4714633244283	8.78538104062099	9.98357885087877	11.4695728354614	6.82813336153315	7.12143092461626	6.40147162317965	4.71779028227607	3.59620204410379
1	-0.195516261121646	5.90306900407478	6.48579148691742	7.25382390820683	7.32584222114252	7.91049580828465	6.66636732918637	5.38407885954107	4.78229585249452	3.2520682892599	2.97028939977016
1	0.378934372450246	5.57613733652804	6.3353215967693	7.31960600640278	8.14869597444788	9.02410643735272	8.03359106454232	7.39144173175018	7.32346385635627	6.06330858164378	5.82629957729113
1	0.912975113503028	6.15934704705529	7.00314618198374	8.14417623905916	8.76620480056171	9.70586648505671	6.35755170248373	5.73491596144294	4.93008303307935	4.29944000471114	2.33688585056335
1	0.288000144520014	6.4925866763813	7.05576736684958	7.89699521796255	8.25864167212785	8.55338598365069	7.67202372565543	6.34738721373497	5.97120021917227	4.56504861431937	3.80609912075836
1	-0.600613732661788	5.89189888460347	6.22128122407289	6.42292997689875	6.92915864890518	7.40993923868674	6.43337609326489	5.0014604482819	4.71570246521516	3.83199400985882	2.09503182877414
1	0.276807041078119	5.97663834177262	7.02004994493826	7.75564509037116	8.44962128106313	9.04857338605713	7.41341745804653	6.84730245709118	6.02795722288228	5.12463682568626	3.91352113982986
1	1.17639612937251	6.03558801378106	7.17849046738644	7.68282934686056	8.77633633365361	9.64645231348023	6.15914947961516	5.90433124648758	5.13274671817024	3.92064177267931	3.03467144861715
1	-1.71059506884653	5.62670040586227	5.17397539291989	5.06951764917992	5.2535767239518	5.05691224298912	7.93715429024172	6.44825886455703	5.03025989570396	5.17676937209746	4.18157688204341
1	-0.431870728944414	5.78874887277367	6.12866167558998	6.88952277434065	7.16958052865025	7.38679447382931	7.69979690674496	6.15592807131893	5.51249637363524	4.95470530384673	3.86476176253316
1	0.193075838895309	6.53118273959132	7.33572071375363	7.78741613519455	8.17663588937202	8.99927969010028	7.59196917742837	7.45323973854622	6.10677530653652	5.9126940513094	5.64770912267167
1	-0.6500736094277	6.18107778554933	6.64346679348929	6.69104389963399	6.95157068233902	7.61546399888337	7.21729242206587	5.72036164474301	5.05073267037594	4.73571096385746	3.12637861936499
1	0.870508267003517	6.93630988427241	8.07443057458917	9.0758686642857	9.77027213018812	10.1677471735738	7.97929298376439	6.82260018516758	6.50083531750761	6.1322531622754	5.93609569138217
1	1.44064253919982	5.88068924251047	6.89739678417081	8.05898973872038	9.1355807075693	10.2700707919858	7.80410712617581	7.01485873755306	6.64958879401575	5.36887337293288	4.51148606077306
1	1.92877990778993	6.39688804390285	7.50022328754932	8.82185963525189	10.0242825250776	10.9825053248344	7.30584674146727	6.5326498010315	6.13353502396031	4.66730944384821	3.57030002182797
1	-1.36345619445396	5.58688854023059	5.43084597421443	5.30556468256194	5.36154490593799	5.19321960296008	6.39691522558408	5.23947036515676	3.66697569524802	2.6088140395111	1.74717279880623
1	0.690371465382494	4.98977387123473	6.27233560576363	6.99142459974752	7.85244109168894	8.42223377049183	6.39569726318591	5.96412355019354	5.04407174005864	4.46298570373381	2.94422422420562
1	1.34448515579084	5.31547865569562	6.26044404972282	7.18356161094901	8.54672686900374	9.01754335652196	6.30471878329934	5.39327158514326	4.30678259417433	2.67730413991871	1.29764240166484
1	-0.106025217580442	6.45406603070111	7.18220371778589	7.39702108020935	8.12200616508475	8.91776845299021	6.43410892096134	6.09193571494014	6.17435532649471	4.54972135598177	3.55732813291745
1	-0.112138808428514	6.9483723271493	7.37462327993294	7.63688084641243	7.93947193641935	8.30423799465424	6.65434315215716	6.69578199355855	6.64605166044165	5.89945554779012	4.51489841413079
1	1.59375784003619	5.32739793791453	6.44562065662006	7.62286602368983	8.74459484625642	9.25882566347238	6.67582902978789	6.59220793057118	4.86208997647221	3.15115233622741	2.28056549463847
1	0.0518654598683617	5.68805060017484	6.28827608769456	6.68669022416229	7.11144094436031	7.82990825440871	7.20008210321795	6.73024084670384	5.8668539147953	4.55125120719833	4.37635117726684
1	-0.776890583946184	6.0003591733393	5.87742336823242	6.28715292394197	6.7639017107466	6.57429778207007	6.37930431525107	5.4260450121208	5.06086398215353	3.3252389362277	1.62530245714938
1	-2.08296650332107	5.01489672664203	4.5289246012667	4.29463815239086	4.45228090460635	3.98186531547617	7.52476192604418	6.63672959377351	5.69083184546906	4.92329289745375	4.31709299748435
1	-0.840436179840759	6.48434794137604	6.64236462390626	6.68887913531307	6.79752081012643	7.40666267319491	7.46694283835431	6.92348443467253	7.86878641073481	6.54132713326298	5.31130633044119
1	0.340313166180786	6.04125755467866	6.55379733270424	7.73599917397809	7.74616066493804	8.95860539848704	6.72447036177067	6.63950030704033	6.77668734944207	6.38346221964848	6.03222711443707
1	1.2135824787728	6.9833475203977	7.89080369529133	9.03754721491006	9.965567436103	10.7743772194238	6.47958181079222	5.71382327522107	4.10276644351544	3.04152236848346	1.57009621396704
1	0.615505634690237	5.05429548658502	5.88632196625031	6.70144644620177	7.27779016072573	7.7344155924651	6.48965799526689	5.14186205755867	4.42929212843961	2.69030316393476	0.802007207264766
1	-0.611982773577514	6.59202226336758	6.64064415612461	7.56632503135202	7.9981434642935	8.41649989909332	6.89478934514987	6.58516036209128	6.07671833314505	6.06992348516102	5.11618810803127
1	1.57169222556677	5.59619718962711	6.84363519441272	7.67830797420217	8.97805763015314	9.93723765889694	7.47593087797659	6.66589331653735	6.34484392184376	5.25474160051553	4.09055196508816
1	-1.89815428407075	6.53282227094581	6.43464144256175	6.16525119440957	5.95999586634437	5.98135355101095	7.89506810510853	6.54424454807617	6.40558750318501	5.92226304065151	4.35535147021568
1	-0.516188173913331	6.27262513209079	6.28925120638087	6.54557353772504	6.96560306831108	7.26741949187098	7.26476376138845	7.08692771982661	6.49558204256048	5.23203460066208	5.07361361449663
1	-1.19167685849222	6.73208947802803	6.77268112716836	6.85152090807953	6.96938543569475	6.97944014215193	7.12811331548258	7.03852239057472	6.29622725456143	4.94826102316031	4.4896449635751
1	-1.80769792679774	6.98676559177567	7.11474041024169	6.9206122830233	7.21861252258369	7.30712535584104	7.43371067275739	7.1530290820773	6.51980551857873	5.38039234344629	4.93773060612412
1	0.402232933754109	6.44891320558645	7.39758393330464	8.20656670838177	8.98737948377332	9.49963600789079	8.15017296128635	7.79230411989576	7.0710100493088	6.35034493249549	6.17639400081257
1	2.39981596805527	5.74394927796315	7.14700964293519	8.38857107071229	9.93698374045608	11.5596501163896	6.25128953291972	6.46615182060944	5.66583558912449	5.63968788974229	4.52416060527628
1	-0.24038119766048	6.6791784846929	7.11645721882478	7.58266236916053	7.88126888137244	9.11488917618834	7.31071237375003	7.21385215313496	6.33892134827674	5.726163613942	4.30173337774902
1	0.38838531276137	5.04990953389371	5.88099367892032	6.30646779919335	6.96170000692076	7.77297835492414	6.79049024973185	6.90012691732165	5.92994593492357	4.38461376588411	3.70261116369194
1	-0.087440705900873	6.27959138868287	7.23426386731165	7.94070065110835	8.04499418268988	8.80798843017788	7.24967257836258	6.6021411206141	5.47698328235806	4.39166383478582	2.81541712305704
1	0.697839747044207	4.84916655212095	5.62361145746339	6.39355005239665	7.06642173180105	7.84857016599956	5.00629644265329	5.1215318420854	4.15011741715805	2.75899342396729	0.811890523058098
1	-0.663253721219332	5.00596223295115	5.36262208223127	5.92461342338746	6.09617706970974	6.40791045493616	5.5459645049926	5.33878878829866	3.61984459096193	3.08628254066846	1.98928784594205
1	-0.458252032204198	5.88170679113513	6.58490030317965	6.99803922094339	7.24554672345401	7.86325213230191	6.88000889579444	5.78437584601525	5.19552569782264	4.37803103590669	3.1811571195176
1	1.10056140932667	5.83685070566041	6.57016645534851	7.61111521817476	8.49661534152991	9.27281767299268	8.27286018229101	7.94708993149824	7.56208780442313	7.38398658935224	6.18121002980848
1	1.55461689711765	6.5900039656949	8.05436516116577	9.33489908328828	10.2181529390626	11.7863726458284	8.36475032957132	8.02867677453096	7.81362830000209	6.64334555201103	6.31106672565283
1	-0.868442652458469	6.396403459783	6.60782160348867	6.92152802329204	7.23410318685135	7.5217395529439	6.98678261659208	6.23627721624482	5.50633143098219	5.40272593299148	3.28703583609826
1	-1.70296308395534	5.97949322472478	6.08286322930573	6.05345835506809	5.92791371897123	5.66200195231632	6.63014701937894	5.65168621841006	5.1777035396204	3.79919553361852	3.1076341216255
1	0.851445412416532	5.68605306738248	6.1924169284516	7.73378783813335	8.37971550817194	9.20803603528658	6.59104348576454	5.68371513420598	4.76999526929718	4.48133006937418	3.34773104017659
1	0.850796332223547	6.47244480414869	7.89481682734839	8.39254432947627	9.81811659572647	10.4432500502996	7.22915094523993	7.74631027571178	6.59567224729389	5.94671227369954	5.54265603206866
1	-0.113424356006889	5.11408570562619	5.47560246562333	5.89013082295816	6.25590435701939	6.60451037174882	5.98022293803217	5.90729518310075	4.62352847275905	4.07011244697533	3.05485755117792
1	0.478826611436673	7.33506628505672	7.82134641936632	8.71099730569981	9.35580543019445	9.97982356802399	7.04126319997028	6.7034778307197	6.05802678869732	5.20666500506233	3.70675981393164
1	-0.103077767258137	6.2853113725939	6.73858570909357	7.69889570501451	7.79328965289683	8.23587116143021	7.93425174707596	6.53363053853019	5.84819826530048	5.38296005021997	4.3899185245292
