     0.000     0.000     0.000     0.000     0.000     0.000     0.000     0.000     0.000     0.000
     0.000     0.000     0.000     0.000     0.000     0.000     0.000     0.000     0.000     0.000
     0.000     0.000     0.000     0.000     1.000     0.000     0.000     0.000     0.000     0.000
     0.000     0.000     0.000     0.000     0.000     0.000     0.000     0.000     0.000     0.000
     0.000     0.000     0.000     0.000     0.000     0.000     0.000     0.000     0.000     0.000
     1.000     0.000     0.000     0.000     0.000     0.000     0.000     0.000     0.000     0.000
     0.000     0.000     0.000     0.000     0.000     0.000     0.000     0.000     0.000     0.000
     0.000     0.000     0.000     0.000     0.000     0.000     1.000     0.000     0.000     0.000
     0.000     0.000     0.000     0.000     0.000     0.000     0.000     0.000     0.000     0.000
     0.000     0.000     0.000     0.000     0.000     0.000     0.000     0.000     0.000     0.000
     0.000     0.000     1.000     0.000     0.000     0.000     0.000     0.000     0.000     0.000
     0.000     0.000     0.000     0.000     0.000     0.000     0.000     0.000     0.000     0.000
     0.000     0.000     0.000     0.000     0.000     0.000     0.000     0.000     1.000     0.000
     0.000     0.000     0.000     0.000     0.000     0.000     0.000     0.000     1.000     0.000
     0.000     0.000     0.000     0.000     0.000     0.000     0.000     0.000     0.000     0.000
     0.000     0.000     0.000     0.000     0.000     0.000     0.000     0.000     0.000     0.000
     0.000     0.000     0.000     0.000     1.000     0.000     0.000     0.000     0.000     0.000
     0.000     0.000     0.000     0.000     0.000     0.000     0.000     0.000     0.000     0.000
     0.000     0.000     0.000     0.000     0.000     0.000     0.000     0.000     0.000     0.000
     1.000     0.000     0.000     0.000     0.000     0.000     0.000     0.000     0.000     0.000
     0.000     0.000     0.000     0.000     0.000     0.000     0.000     0.000     0.000     0.000
     0.000     0.000     0.000     0.000     0.000     0.000     1.000     0.000     0.000     0.000
     0.000     0.000     0.000     0.000     0.000     0.000     0.000     0.000     0.000     0.000
     0.000     0.000     0.000     0.000     0.000     0.000     0.000     0.000     0.000     0.000
     0.000     0.000     1.000     0.000     0.000     0.000     0.000     0.000     0.000     0.000
     0.000     0.000     0.000     0.000     0.000     0.000     0.000     0.000     0.000     0.000
     0.000     0.000     0.000     0.000     0.000     0.000     0.000     0.000     0.000     0.000
     0.000     0.000     0.000     0.000     0.000     0.000     0.000     0.000     0.000     0.000
     0.000     0.000     0.000     0.000     0.000     1.000     0.000     0.000     0.000     0.000
     0.000     0.000     0.000     0.000     0.000     0.000     0.000     0.000     0.000     0.000
     0.000     0.000     0.000     0.000     0.000     0.000     0.000     0.000     0.000     0.000
     0.000     1.000     0.000     0.000     0.000     0.000     0.000     0.000     0.000     0.000
     0.000     0.000     0.000     0.000     0.000     0.000     0.000     0.000     0.000     0.000
     0.000     0.000     0.000     0.000     0.000     0.000     0.000     1.000     0.025     0.000
     0.025     0.000     0.000     0.025     0.000     0.000     0.000     0.025     0.000     0.000
     0.000     0.000     0.025    -0.001     0.000     0.000     0.000     0.000     0.105     0.000
    -0.001     0.000     0.000     0.000     0.000     0.105     0.000     0.000    -0.001     0.000
     0.000     0.000     0.000     0.105     0.000     0.000     0.000    -0.001     0.000     0.000
     0.000     0.000     0.105     0.000     0.000     0.000     0.000    -0.001     0.000     0.000
     0.000     0.000     0.105     0.000     0.000     0.000     0.000     0.000     0.000     0.000
     0.000     0.000     0.000     0.000     0.000     0.000     0.000     0.000     0.000     0.000
     0.000     0.000     0.000     0.000     0.000     0.000     0.000     0.000     0.000     0.000
     0.000     0.000     0.000     0.000     0.000     0.000     0.000     0.000     0.000     0.000
     0.000     0.000     0.000     0.000     0.000     0.000     0.000     0.000     6.964    -0.346
     0.000     0.000     0.000     0.000     0.000     0.000     0.000     0.000     0.000     6.017
     0.833     0.500     0.021    -0.015     0.000     0.000     0.000     0.000     0.000     0.000
     0.000     0.000     0.000     1.000     0.000     0.000     0.000     0.000     0.000     0.000
     0.000     0.000     0.000     0.000     0.000     0.000     0.000     0.000     0.000     1.000
     0.000     0.000     0.000     0.000     1.000     0.000     0.000     0.000     0.000     0.000
     0.000     0.000     0.000     0.000     0.000     0.000     0.000     0.000     0.000     0.000
     0.000     0.000     0.000     0.000     0.000     1.000     0.000     0.000     0.000     0.000
     1.000     0.000     0.000     0.000     0.000     0.000     0.000     0.000     0.000     0.000
     0.000     0.000     0.000     0.000     0.000     0.000     0.000     0.000     0.000     0.000
     0.000     1.000     0.000     0.000     0.000     0.000     1.000     0.000     0.000     0.000
     0.000     0.000     0.000     0.000     0.000     0.000     0.000     0.000     0.000     0.000
     0.000     0.000     0.000     0.000     0.000     0.000     0.000     1.000     0.000     0.000
     0.000     0.000     1.000     0.000     0.000     0.000     0.000     0.000     0.000     0.000
     0.000     0.000     0.000     0.000     0.000     0.000     0.000     0.000     0.000     0.094
     0.000     0.000     0.000     0.000     0.000     0.000     0.000     0.000     0.000     1.000
    -0.146     0.000     0.000     0.000     0.000     0.000     0.000     0.000     0.000     0.000
     0.000     0.000     0.000     0.000     0.000     0.094     0.000     0.000     0.000     0.000
     0.000     0.000     0.000     0.000     1.000     0.000    -0.146     0.000     0.000     0.000
     0.000     0.000     0.000     0.000     0.000     0.000     0.000     0.000     0.000     0.000
     0.000     0.094     0.000     0.000     0.000     0.000     0.000     0.000     0.000     1.000
     0.000     0.000    -0.146     0.000     0.000     0.000     0.000     0.000     0.000     0.000
     0.000     0.000     0.000     0.000     0.000     0.000     0.000     0.094     0.000     0.000
     0.000     0.000     0.000     0.000     1.000     0.000     0.000     0.000    -0.146     0.000
     0.000     0.000     0.000     0.000     0.000     0.000     0.000     0.000     0.000     0.000
     0.000     0.000     0.000     0.000     0.000     0.000     0.000     0.000     0.000     0.000
     0.000     0.000     0.000     0.000     0.000     0.000     0.000     0.000     0.000     0.000
     0.000     0.050     0.049    -0.029     0.000     0.000     0.000     0.000     0.000     0.000
     0.000     0.000     0.000     0.000     0.000     0.000     0.000     0.000     0.000     0.000
     0.000     0.000     0.000     0.000     0.000     0.000     0.000     0.115     0.000     0.000
     0.000     0.000     0.000     0.000     0.000     0.000     0.000     0.000     0.000     0.000
     0.000     0.000     0.000     0.000     0.000     0.000     0.000     0.000     0.000     1.000
     0.000     0.000     0.000     0.000     0.000     0.000     0.000     0.000     0.000     0.000
     0.000     0.000     0.000     0.000     0.000     1.000     0.000     0.000     0.000     0.000
     1.000     0.000     0.000     0.000     0.000     0.000     0.000     0.000     0.000     0.000
     0.000     0.000     0.000     0.000     0.000     0.000     0.000     0.000     0.000     0.000
     0.000     1.000     0.000     0.000     0.000     0.000     1.000     0.000     0.000     0.000
     0.000     0.000     0.000     0.000     0.000     0.000     0.000     0.000     0.000     0.000
     0.000     0.000     0.000     0.000     0.000     0.000     0.000     1.000     0.000     0.000
     0.000     0.000     1.000     0.000     0.000     0.000     0.000     0.000     0.000     0.000
     0.000     0.000     0.000     0.000     0.000     0.000     0.000     0.000     0.000     0.000
     0.000     0.000     0.000     1.000     0.000     0.000     0.000     0.000     1.000     0.000
     0.000     0.000     0.000     0.000     0.000     0.000     0.000     0.000     0.000     0.000
     0.000     0.000     0.000     0.000     0.000    -0.039     0.000     0.000     0.000     0.000
     0.000     0.000     0.000     0.000     0.000     1.000     0.000     0.000     0.000     0.000
     0.000     0.000     0.000     0.000     0.000     0.000     0.000     0.000     0.000     0.000
     0.000    -0.039     0.000     0.000     0.000     0.000     0.000     0.000     0.000     0.000
     1.000     0.000     0.000     0.000     0.000     0.000     0.000     0.000     0.000     0.000
     0.000     0.000     0.000     0.000     0.000     0.000     0.000    -0.039     0.000     0.000
     0.000     0.000     0.000     0.000     0.000     1.000     0.000     0.000     0.000     0.000
     0.000     0.000     0.000     0.000     0.000     0.000     0.000     0.000     0.000     0.000
     0.000     0.000     0.000    -0.039     0.000     0.000     0.000     0.000     0.000     0.000
     1.000     0.000     0.000     0.000     0.000     0.000     0.000     0.000     0.000     0.000
     0.000     0.000     0.000     0.000     0.000     0.000     0.000     0.000     0.000     0.000
     0.000     0.000     0.000     0.000     0.000     0.000    -0.009     0.100    -0.087     0.000
     0.000     0.000     0.000     0.000     0.000     0.000     0.000     0.000     0.000     0.000
     0.000     0.000     0.000     0.000     0.000     0.000     0.000     0.000     0.000     0.000
     0.000    -0.006    -0.373     0.768     0.000     0.000     0.000     0.000     0.000     0.000
     0.000     0.000     0.000     0.000     0.000     0.000     0.000     0.000     0.000     0.000
     0.000     0.000     0.000     0.000     0.000     0.000     0.000     0.000     0.000     0.000
     0.000     0.000     0.000     0.000     0.000     0.000     0.000     0.000     0.000     0.000
     0.000     0.000     0.000     0.000     0.000     0.000     0.000     0.000     0.000     0.000
     0.000     0.000     0.000     0.000     0.000     0.000     0.000     0.000     0.000     0.000
     0.000     0.000     0.000     0.000     0.000     0.000     0.000     0.000     0.000     0.000
     0.000     0.000     0.000     0.000     0.000     0.000     0.000     0.000     0.000     0.000
     0.000     0.000     0.000     0.000     0.000     0.000     0.000     0.000     0.000     0.000
     0.000     0.000     0.000     0.000     0.000     0.000     0.000     0.000     0.000     0.000
     0.000     0.000     0.000     0.000     0.000     0.000     0.000     0.000     0.000     0.000
     0.000     0.000     0.000     0.000     0.000     0.000     0.000     0.000     0.000     0.000
     0.000     0.000     0.000     0.000     0.000     0.000     0.000     0.000     0.000     0.000
     0.000     0.000     0.000     0.401     0.000     0.000     0.000     0.000     0.000     0.000
     0.000     0.000     0.000     0.069     0.045     0.000     0.000     0.000     0.000     0.000
     0.000     0.000     0.000     0.000     0.000     0.000     0.000     0.000     0.000     0.000
     0.000     0.000     0.000     0.000     0.000     0.000     0.000     0.000     0.000     0.000
     0.000     0.000     0.000     0.000     0.000     0.000     0.000     0.000     0.000     0.000
     0.000     0.000     0.000     0.000     0.000     0.000     0.000     0.000     0.000     0.000
     0.000     0.000     0.000     0.000     0.000     0.000     0.000     0.000     0.000     0.000
     0.000     0.000     0.000     0.000     0.000     0.000     0.000     0.000     0.000     0.000
     0.000     0.000     0.000     0.000     0.000     0.000     0.000     0.000     0.000     0.000
     0.000     0.000     0.000     0.000     0.000     0.000     0.000     0.000     0.000     0.000
     0.000     0.000     0.000     0.000     0.000     0.000     0.000     0.000     0.000     0.000
     0.000     0.000     0.000     0.000     0.000     0.000     0.000     0.000     0.000     0.000
     0.000     0.000     0.000     0.000     0.000     0.000     0.000     0.000     0.000     0.000
     0.000     0.000     0.000     0.000     0.000     0.000     0.000     0.000     0.000     0.000
     0.000     0.000     0.000     0.000     0.000     0.000     0.000     0.000     0.000     0.000
     0.000     0.000     0.000     0.000     0.000     0.000     0.000     0.000     0.000     0.000
     0.000     0.000     0.000     0.000     0.000     0.000     0.000     0.000     0.229     0.083
     0.000     0.000     0.000     0.000     0.000     0.000     0.000     0.000     0.000     0.466
     0.000     0.000     0.000     0.000     0.000     0.000     0.000     0.000     0.000     0.028
     0.012     0.000     0.000     0.000     0.000     0.000     0.000     0.000     0.000     0.000
     0.032     0.009     0.000     0.000     0.000     0.000     0.000     0.000     0.000     0.000
     0.000     0.000     0.000     0.000     0.000     0.000     0.000     0.000     0.000     0.000
     0.000     0.000     0.000     0.000     0.250     0.000     0.000     0.000     0.000     0.000
     0.000     0.000     0.000     0.000     0.000     0.000     0.000     0.000     0.000     0.000
     0.000     0.000     0.000     0.000     0.000     0.000     0.000    -0.025     0.968     0.000
     0.000     0.000     0.000     0.000     0.000     0.000     0.000     0.000     0.000     0.000
     0.000     0.000     0.000     0.000     0.000     0.000     0.000     0.000     0.000     0.000
     0.000    -0.007     0.513     0.513
